900,'5',646,,5927,11,,,0,75,,5917,11,,,0,30,,5928,11,,,0,75,,5918,11,,,0,30,,5929,11,,,0,75,,5919,11,,,0,70,,5930,11,,,0,35,,5920,11,,,0,70,,5931,11,,,0,35,,5921,11,,,0,70,,5932,11,,,0,40,,5922,11,,,0,70,,5933,11,,,0,80,,5923,11,,,0,30,,5934,11,,,0,80,,5924,11,,,0,30,,5935,11,,,0,80,,5925,11,,,0,30,,5936,11,,,0,80,,5926,11,,,0
901,'5',703,,5937,35,,,0,30,,5948,35,,,0,75,,5938,35,,,0,30,,5949,35,,,0,75,,5939,35,,,0,30,,5950,35,,,0,75,,5940,35,,,0,30,,5951,35,,,0,75,,5941,35,,,0,30,,5952,35,,,0,75,,5942,35,,,0,30,,5953,35,,,0,80,,5943,35,,,0,70,,5954,35,,,0,40,,5944,35,,,0,70,,5955,35,,,0,40,,5945,35,,,0,70,,5956,35,,,0,80,,5946,35,,,0,30,,5957,35,,,0,80,,5947,35,,,0
1401,'1',807,,6384,26,,,0,105,,6385,26,,,0,105,,6386,26,,,0,105,,6387,26,,,0,105,,6388,26,,,0,105,,6389,26,,,0,105,,6390,26,,,0,105,,6391,26,,,0,105,,6392,26,,,0,105,,6393,26,,,0
1401,'2',1017,,6394,26,,,0,105,,6395,26,,,0,105,,6396,26,,,0,105,,6397,26,,,0,105,,6398,26,,,0,105,,6399,26,,,0,105,,6400,26,,,0
1401,'5',702,,6401,26,,,0,35,,6416,26,,,0,70,,6402,26,,,0,35,,6417,26,,,0,70,,6403,26,,,0,35,,6418,26,,,0,70,,6404,26,,,0,35,,6422,26,,,0,70,,6405,26,,,0,35,,6423,26,,,0,70,,6406,26,,,0,75,,6424,26,,,0,35,,6407,26,,,0,75,,6425,26,,,0,35,,6408,26,,,0,75,,6419,26,,,0,35,,6409,26,,,0,75,,6420,26,,,0,75,,6410,26,,,0,35,,6421,26,,,0,75,,6411,26,,,0,105,,6412,26,,,0,105,,6413,26,,,0,101,,6414,26,,,0,100,,6415,26,,,0
2300,'1',959,,7018,13,,,0,145,,7019,13,,,0,105,,7020,13,,,0,105,,7021,13,,,0,105,,7022,13,,,0,105,,7023,13,,,0,105,,7024,13,,,0,105,,7025,13,,,0
2300,'2',959,,7026,13,,,0,145,,7027,13,,,0,105,,7028,13,,,0,105,,7029,13,,,0,105,,7030,13,,,0,105,,7031,13,,,0,105,,7032,13,,,0
2300,'5',1829,,7043,13,,,0,105,,7044,13,,,0,105,,7045,13,,,0,102,,7046,13,,,0,100,,7047,13,,,0
2301,'1',1029,,7058,20,,,0,105,,7059,20,,,0,105,,7060,20,,,0,105,,7061,20,,,0,105,,7062,20,,,0,105,,7063,20,,,0,105,,7064,20,,,0,145,,7065,20,,,0
2301,'2',1029,,7066,20,,,0,105,,7067,20,,,0,105,,7068,20,,,0,105,,7069,20,,,0,105,,7070,20,,,0,105,,7071,20,,,0,105,,7072,20,,,0
2301,'5',1859,,7084,20,,,0,145,,7085,20,,,0,105,,7086,20,,,0,103,,7087,20,,,0,100,,7088,20,,,0
