301,'1',1748,,5770,58,,,0,75,,5790,58,,,0,30,,5781,58,,,0,75,,5771,58,,,0,30,,5791,58,,,0,70,,5782,58,,,0,30,,5772,58,,,0,70,,5792,58,,,0,30,,5783,58,,,0,70,,5773,58,,,0,30,,5793,58,,,0,70,,5784,58,,,0,30,,5774,58,,,0
301,'2',908,,5794,58,,,0,105,,5802,58,,,0,35,,5795,58,,,0,70,,5810,58,,,0,35,,5803,58,,,0,70,,5796,58,,,0,35,,5811,58,,,0,70,,5804,58,,,0,75,,5797,58,,,0,30,,5812,58,,,0,75,,5805,58,,,0,30,,5798,58,,,0,75,,5813,58,,,0,30,,5806,58,,,0,75,,5799,58,,,0,30,,5814,58,,,0,75,,5807,58,,,0,30,,5800,58,,,0,70,,5815,58,,,0,35,,5808,58,,,0,70,,5801,58,,,0
301,'5',1848,,5841,58,,,0,10,,5850,58,,,0,60,,5823,58,,,0,35,,5831,58,,,0,70,,5842,58,,,0,105,,5832,58,,,0,30,,5843,58,,,0,100,,5833,58,,,0,70,,5844,58,,,0,100,,5834,58,,,0
601,'1',837,,5885,15,,,0,105,,5886,15,,,0,105,,5887,15,,,0,105,,5888,15,,,0,105,,5889,15,,,0,145,,5890,15,,,0,105,,5891,15,,,0,105,,5892,15,,,0,105,,5893,15,,,0,105,,5894,15,,,0,105,,5895,15,,,0
601,'2',942,,5896,15,,,0,105,,5897,15,,,0,105,,5898,15,,,0,105,,5899,15,,,0,145,,5900,15,,,0,105,,5901,15,,,0,105,,5902,15,,,0,105,,5903,15,,,0
601,'5',657,,5904,15,,,0,75,,5905,15,,,0,105,,5906,15,,,0,105,,5907,15,,,0,105,,5908,15,,,0,105,,5909,15,,,0,150,,5910,15,,,0,110,,5911,15,,,0,110,,5912,15,,,0,110,,5913,15,,,0,110,,5914,15,,,0,105,,5915,15,,,0,105,,5916,15,,,0
2101,'1',942,,6960,6,,,0,105,,6961,28,,,0,105,,6962,28,,,0,105,,6963,28,,,0,145,,6964,28,,,0,105,,6965,28,,,0,105,,6966,28,,,0,105,,6967,28,,,0,105,,6968,28,,,0,105,,6969,28,,,0,100,,6970,28,,,0,100,,6971,28,,,0,100,,6972,28,,,0,100,,6973,28,,,0
2101,'2',1047,,6974,6,,,0,105,,6975,28,,,0,105,,6976,28,,,0,145,,6977,28,,,0,105,,6978,28,,,0,105,,6979,28,,,0,105,,6980,28,,,0,105,,6981,28,,,0
2101,'5',732,,6982,28,,,0,105,,6983,28,,,0,105,,6984,28,,,0,105,,6985,28,,,0,105,,6986,28,,,0,105,,6987,28,,,0,150,,6988,28,,,0,110,,6989,28,,,0,110,,6990,28,,,0,110,,6991,28,,,0,110,,6992,28,,,0,70,,6993,28,,,0,105,,6994,28,,,0,105,,6995,28,,,0,100,,6996,28,,,0,100,,6997,28,,,0
2201,'5',732,,7008,30,,,0,105,,7009,30,,,0,105,,7010,30,,,0,105,,7014,30,,,0,105,,7015,30,,,0,105,,7016,30,,,0,150,,7017,30,,,0,145,,7013,30,,,0,150,,7011,30,,,0,110,,7012,30,,,0
