200,'1',756,,5506,24,,,0,145,,5514,24,,,0,30,,5522,24,,,0,75,,5507,24,,,0,30,,5528,24,,,0,75,,5515,24,,,0,30,,5523,24,,,0,75,,5508,24,,,0,30,,5529,24,,,0,75,,5516,24,,,0,30,,5524,24,,,0,75,,5509,24,,,0,30,,5530,24,,,0,75,,5517,24,,,0,70,,5525,24,,,0,35,,5510,24,,,0,70,,5531,24,,,0,35,,5518,24,,,0,70,,5526,24,,,0,35,,5511,24,,,0,70,,5532,24,,,0,33,,5519,24,,,0,70,,5527,24,,,0,30,,5512,24,,,0,70,,5534,24,,,0,30,,5520,24,,,0,70,,5533,24,,,0,30,,5513,24,,,0,100,,5521,24,,,0
200,'2',901,,5540,24,,,0,105,,5535,24,,,0,30,,5549,24,,,0,75,,5541,24,,,0,30,,5546,24,,,0,75,,5536,24,,,0,30,,5550,24,,,0,75,,5542,24,,,0,30,,5547,24,,,0,75,,5537,24,,,0,30,,5551,24,,,0,75,,5543,24,,,0,70,,5548,24,,,0,35,,5538,24,,,0,70,,5552,24,,,0,35,,5544,24,,,0,70,,5553,24,,,0,35,,5539,24,,,0,70,,5554,24,,,0,33,,5545,24,,,0
200,'5',651,,5578,24,,,0,70,,5563,24,,,0,35,,5571,24,,,0,55,,5588,24,,,0,15,,5555,24,,,0,15,,5589,24,,,0,60,,5579,24,,,0,30,,5564,24,,,0,75,,5572,24,,,0,30,,5556,24,,,0,75,,5580,24,,,0,30,,5565,24,,,0,75,,5573,24,,,0,35,,5557,24,,,0,75,,5581,24,,,0,75,,5566,24,,,0,35,,5574,24,,,0,75,,5558,24,,,0,15,,5586,24,,,0,20,,5582,24,,,0,60,,5590,24,,,0,15,,5567,24,,,0,15,,5587,24,,,0,20,,5575,24,,,0,60,,5591,24,,,0,15,,5559,24,,,0,15,,5592,24,,,0,60,,5583,24,,,0,30,,5568,24,,,0,75,,5576,24,,,0,30,,5560,24,,,0,75,,5584,24,,,0,30,,5569,24,,,0,73,,5577,24,,,0,30,,5561,24,,,0,70,,5585,24,,,0,30,,5570,24,,,0,100,,5562,24,,,0
300,'1',756,,5689,25,,,0,75,,5679,25,,,0,70,,5699,25,,,0,30,,5690,25,,,0,75,,5680,25,,,0,30,,5700,25,,,0,75,,5691,25,,,0,30,,5681,25,,,0,75,,5701,25,,,0,30,,5692,25,,,0,75,,5682,25,,,0,30,,5702,25,,,0,75,,5693,25,,,0,30,,5683,25,,,0,75,,5703,25,,,0,70,,5694,25,,,0,35,,5684,25,,,0,70,,5704,34,,,0,35,,5695,34,,,0,70,,5685,34,,,0,35,,5705,34,,,0,70,,5696,34,,,0,33,,5686,34,,,0,70,,5706,34,,,0,30,,5697,34,,,0,70,,5687,34,,,0,30,,5707,34,,,0,70,,5698,34,,,0,30,,5688,34,,,0
300,'2',901,,5715,34,,,0,30,,5708,34,,,0,75,,5723,34,,,0,30,,5716,34,,,0,75,,5709,34,,,0,30,,5724,34,,,0,75,,5717,34,,,0,30,,5710,34,,,0,75,,5725,34,,,0,30,,5718,34,,,0,75,,5711,34,,,0,30,,5726,34,,,0,75,,5719,34,,,0,70,,5712,34,,,0,35,,5727,34,,,0,70,,5720,34,,,0,35,,5713,34,,,0,70,,5728,34,,,0,35,,5721,34,,,0,70,,5714,34,,,0,103,,5722,34,,,0
300,'5',651,,5736,25,,,0,70,,5747,25,,,0,20,,5764,25,,,0,15,,5729,25,,,0,55,,5758,25,,,0,15,,5737,25,,,0,15,,5759,25,,,0,60,,5748,25,,,0,30,,5730,25,,,0,75,,5738,25,,,0,30,,5749,25,,,0,75,,5731,25,,,0,30,,5739,25,,,0,75,,5750,25,,,0,35,,5732,25,,,0,75,,5740,25,,,0,75,,5751,25,,,0,35,,5733,25,,,0,75,,5741,25,,,0,35,,5752,25,,,0,60,,5760,25,,,0,15,,5734,25,,,0,15,,5762,25,,,0,20,,5742,25,,,0,60,,5763,25,,,0,15,,5753,25,,,0,15,,5761,25,,,0,60,,5735,34,,,0,30,,5743,34,,,0,75,,5754,34,,,0,105,,5744,34,,,0,30,,5755,34,,,0,103,,5745,34,,,0,70,,5756,34,,,0,100,,5746,34,,,0,30,,5757,34,,,0
1500,'1',901,,6426,22,,,0,105,,6427,22,,,0,105,,6428,22,,,0,105,,6429,22,,,0,105,,6430,22,,,0,105,,6431,22,,,0,105,,6432,22,,,0,105,,6433,22,,,0,105,,6434,22,,,0,105,,6435,22,,,0,105,,6436,22,,,0,100,,6437,22,,,0,100,,6438,22,,,0,100,,6439,22,,,0
1500,'2',901,,6440,22,,,0,105,,6441,22,,,0,105,,6442,22,,,0,105,,6443,22,,,0,105,,6444,22,,,0,105,,6445,22,,,0,105,,6446,22,,,0,105,,6447,22,,,0,105,,6448,22,,,0,105,,6449,22,,,0,105,,6450,22,,,0
1500,'5',651,,6462,22,,,0,70,,6451,22,,,0,35,,6463,22,,,0,70,,6452,22,,,0,75,,6464,22,,,0,30,,6453,22,,,0,75,,6465,22,,,0,30,,6454,22,,,0,75,,6466,22,,,0,30,,6455,22,,,0,75,,6467,22,,,0,35,,6456,22,,,0,75,,6468,22,,,0,75,,6457,22,,,0,35,,6469,22,,,0,75,,6458,22,,,0,35,,6470,22,,,0,75,,6459,22,,,0,35,,6471,22,,,0,75,,6460,22,,,0,75,,6472,22,,,0,30,,6461,22,,,0,105,,6473,22,,,0,105,,6474,22,,,0,105,,6475,22,,,0,100,,6476,22,,,0
2901,'1',1125,,7126,24,,,0,105,,7127,24,,,0,105,,7128,24,,,0,105,,7129,24,,,0,105,,7130,24,,,0,105,,7131,24,,,0
2901,'2',1125,,7132,24,,,0,105,,7133,24,,,0,105,,7134,24,,,0,105,,7135,24,,,0,105,,7136,24,,,0,105,,7137,24,,,0
2901,'5',915,,7138,24,,,0,105,,7139,24,,,0,105,,7140,24,,,0,105,,7141,24,,,0,105,,7142,24,,,0,105,,7143,24,,,0,105,,7144,24,,,0,105,,7145,24,,,0,105,,7146,24,,,0,145,,7147,24,,,0,105,,7148,24,,,0
