900,'5',644,,5927,7,,,0,75,,5917,7,,,0,30,,5928,7,,,0,75,,5918,7,,,0,30,,5929,7,,,0,75,,5919,7,,,0,30,,5930,7,,,0,75,,5920,7,,,0,70,,5931,7,,,0,35,,5921,7,,,0,70,,5932,7,,,0,40,,5922,7,,,0,70,,5933,7,,,0,40,,5923,7,,,0,70,,5934,7,,,0,80,,5924,7,,,0,30,,5935,7,,,0,80,,5925,7,,,0,30,,5936,7,,,0,80,,5926,7,,,0
901,'5',700,,5937,31,,,0,30,,5948,31,,,0,75,,5938,31,,,0,30,,5949,31,,,0,75,,5939,31,,,0,30,,5950,31,,,0,75,,5940,31,,,0,30,,5951,31,,,0,75,,5941,31,,,0,30,,5952,31,,,0,75,,5942,31,,,0,30,,5953,31,,,0,80,,5943,31,,,0,70,,5954,31,,,0,40,,5944,31,,,0,70,,5955,31,,,0,40,,5945,31,,,0,70,,5956,31,,,0,80,,5946,31,,,0,30,,5957,31,,,0,80,,5947,31,,,0
1401,'1',805,,6384,22,,,0,105,,6385,22,,,0,105,,6386,22,,,0,105,,6387,22,,,0,105,,6388,22,,,0,105,,6389,22,,,0,105,,6390,22,,,0,105,,6391,22,,,0,105,,6392,22,,,0,105,,6393,22,,,0
1401,'2',1015,,6394,22,,,0,105,,6395,22,,,0,105,,6396,22,,,0,105,,6397,22,,,0,105,,6398,22,,,0,105,,6399,22,,,0,105,,6400,22,,,0
1401,'5',700,,6401,22,,,0,35,,6416,22,,,0,70,,6402,22,,,0,35,,6417,22,,,0,70,,6403,22,,,0,35,,6418,22,,,0,70,,6404,22,,,0,35,,6422,22,,,0,70,,6405,22,,,0,35,,6423,22,,,0,70,,6406,22,,,0,75,,6424,22,,,0,35,,6407,22,,,0,75,,6425,22,,,0,35,,6408,22,,,0,75,,6419,22,,,0,35,,6409,22,,,0,75,,6420,22,,,0,75,,6410,22,,,0,35,,6421,22,,,0,75,,6411,22,,,0,105,,6412,22,,,0,105,,6413,22,,,0,101,,6414,22,,,0,100,,6415,22,,,0
2300,'1',957,,7018,9,,,0,145,,7019,9,,,0,105,,7020,9,,,0,105,,7021,9,,,0,105,,7022,9,,,0,105,,7023,9,,,0,105,,7024,9,,,0,105,,7025,9,,,0
2300,'2',957,,7026,9,,,0,145,,7027,9,,,0,105,,7028,9,,,0,105,,7029,9,,,0,105,,7030,9,,,0,105,,7031,9,,,0,105,,7032,9,,,0
2300,'5',1827,,7043,9,,,0,105,,7044,9,,,0,105,,7045,9,,,0,103,,7046,9,,,0,100,,7047,9,,,0
2301,'1',1028,,7058,16,,,0,105,,7059,16,,,0,105,,7060,16,,,0,105,,7061,16,,,0,105,,7062,16,,,0,105,,7063,16,,,0,105,,7064,16,,,0,145,,7065,16,,,0
2301,'2',1028,,7066,16,,,0,105,,7067,16,,,0,105,,7068,16,,,0,105,,7069,16,,,0,105,,7070,16,,,0,105,,7071,16,,,0,105,,7072,16,,,0
2301,'5',1858,,7084,16,,,0,145,,7085,16,,,0,105,,7086,16,,,0,103,,7087,16,,,0,100,,7088,16,,,0
