900,'5',644,,5927,6,,,0,75,,5917,6,,,0,30,,5928,6,,,0,75,,5918,6,,,0,30,,5929,6,,,0,75,,5919,6,,,0,30,,5930,6,,,0,75,,5920,6,,,0,70,,5931,6,,,0,35,,5921,6,,,0,70,,5932,6,,,0,40,,5922,6,,,0,70,,5933,6,,,0,40,,5923,6,,,0,70,,5934,6,,,0,80,,5924,6,,,0,30,,5935,6,,,0,80,,5925,6,,,0,30,,5936,6,,,0,80,,5926,6,,,0
901,'5',659,,5937,30,,,0,70,,5948,30,,,0,75,,5938,30,,,0,30,,5949,30,,,0,75,,5939,30,,,0,30,,5950,30,,,0,75,,5940,30,,,0,30,,5951,30,,,0,75,,5941,30,,,0,30,,5952,30,,,0,75,,5942,30,,,0,30,,5953,30,,,0,80,,5943,30,,,0,70,,5954,30,,,0,40,,5944,30,,,0,70,,5955,30,,,0,40,,5945,30,,,0,70,,5956,30,,,0,80,,5946,30,,,0,30,,5957,30,,,0,80,,5947,30,,,0
1401,'1',804,,6384,21,,,0,105,,6385,21,,,0,105,,6386,21,,,0,105,,6387,21,,,0,105,,6388,21,,,0,105,,6389,21,,,0,105,,6390,21,,,0,105,,6391,21,,,0,105,,6392,21,,,0,105,,6393,21,,,0
1401,'2',1014,,6394,21,,,0,105,,6395,21,,,0,105,,6396,21,,,0,105,,6397,21,,,0,105,,6398,21,,,0,105,,6399,21,,,0,105,,6400,21,,,0
1401,'5',659,,6401,21,,,0,75,,6416,21,,,0,70,,6402,21,,,0,35,,6417,21,,,0,70,,6403,21,,,0,35,,6418,21,,,0,70,,6404,21,,,0,35,,6422,21,,,0,70,,6405,21,,,0,35,,6423,21,,,0,70,,6406,21,,,0,35,,6424,21,,,0,75,,6407,21,,,0,75,,6425,21,,,0,35,,6408,21,,,0,75,,6419,21,,,0,35,,6409,21,,,0,75,,6420,21,,,0,75,,6410,21,,,0,35,,6421,21,,,0,75,,6411,21,,,0,105,,6412,21,,,0,105,,6413,21,,,0,102,,6414,21,,,0,100,,6415,21,,,0
2300,'1',957,,7018,8,,,0,145,,7019,8,,,0,105,,7020,8,,,0,105,,7021,8,,,0,105,,7022,8,,,0,105,,7023,8,,,0,105,,7024,8,,,0,105,,7025,8,,,0
2300,'2',957,,7026,8,,,0,145,,7027,8,,,0,105,,7028,8,,,0,105,,7029,8,,,0,105,,7030,8,,,0,105,,7031,8,,,0,105,,7032,8,,,0
2300,'5',1827,,7043,8,,,0,105,,7044,8,,,0,105,,7045,8,,,0,102,,7046,8,,,0,100,,7047,8,,,0
2301,'1',1027,,7058,15,,,0,105,,7059,15,,,0,105,,7060,15,,,0,105,,7061,15,,,0,105,,7062,15,,,0,105,,7063,15,,,0,105,,7064,15,,,0,145,,7065,15,,,0
2301,'2',1027,,7066,15,,,0,105,,7067,15,,,0,105,,7068,15,,,0,105,,7069,15,,,0,105,,7070,15,,,0,105,,7071,15,,,0,105,,7072,15,,,0
2301,'5',1857,,7084,15,,,0,145,,7085,15,,,0,105,,7086,15,,,0,103,,7087,15,,,0,100,,7088,15,,,0
