200,'1',835,,5506,64,,,0,105,,5514,64,,,0,70,,5522,64,,,0,35,,5507,64,,,0,70,,5528,64,,,0,35,,5515,64,,,0,70,,5523,64,,,0,35,,5508,64,,,0,70,,5529,64,,,0,75,,5516,64,,,0,30,,5524,64,,,0,75,,5509,64,,,0,30,,5530,64,,,0,75,,5517,64,,,0,30,,5525,64,,,0,75,,5510,64,,,0,30,,5531,64,,,0,75,,5518,64,,,0,30,,5526,64,,,0,75,,5511,64,,,0,30,,5532,64,,,0,71,,5519,64,,,0,30,,5527,64,,,0,70,,5512,64,,,0,30,,5534,64,,,0,70,,5520,64,,,0,30,,5533,64,,,0,70,,5513,64,,,0,96,,5521,64,,,0
200,'2',940,,5540,64,,,0,105,,5535,64,,,0,70,,5549,64,,,0,35,,5541,64,,,0,70,,5546,64,,,0,35,,5536,64,,,0,70,,5550,64,,,0,75,,5542,64,,,0,30,,5547,64,,,0,75,,5537,64,,,0,30,,5551,64,,,0,75,,5543,64,,,0,30,,5548,64,,,0,75,,5538,64,,,0,30,,5552,64,,,0,75,,5544,64,,,0,30,,5553,64,,,0,75,,5539,64,,,0,30,,5554,64,,,0,71,,5545,64,,,0
200,'5',730,,5578,64,,,0,70,,5563,64,,,0,35,,5571,64,,,0,15,,5588,64,,,0,55,,5555,64,,,0,15,,5589,64,,,0,20,,5579,64,,,0,70,,5564,64,,,0,35,,5572,64,,,0,70,,5556,64,,,0,35,,5580,64,,,0,70,,5565,64,,,0,35,,5573,64,,,0,75,,5557,64,,,0,75,,5581,64,,,0,35,,5566,64,,,0,75,,5574,64,,,0,35,,5558,64,,,0,55,,5586,64,,,0,20,,5582,64,,,0,20,,5590,64,,,0,55,,5567,64,,,0,15,,5587,64,,,0,20,,5575,64,,,0,20,,5591,64,,,0,55,,5559,64,,,0,15,,5592,64,,,0,20,,5583,64,,,0,70,,5568,64,,,0,35,,5576,64,,,0,70,,5560,64,,,0,35,,5584,64,,,0,70,,5569,64,,,0,31,,5577,64,,,0,70,,5561,64,,,0,30,,5585,64,,,0,70,,5570,64,,,0,96,,5562,64,,,0
1101,'1',939,,6189,31,,,0,105,,6190,31,,,0,105,,6191,31,,,0,105,,6192,31,,,0,105,,6193,31,,,0,145,,6194,31,,,0,105,,6195,31,,,0,105,,6196,31,,,0,105,,6197,31,,,0
1101,'5',729,,6198,31,,,0,30,,6209,31,,,0,75,,6199,31,,,0,70,,6210,31,,,0,35,,6200,31,,,0,70,,6211,31,,,0,35,,6201,31,,,0,70,,6212,31,,,0,35,,6202,31,,,0,70,,6213,31,,,0,35,,6203,31,,,0,75,,6214,31,,,0,75,,6204,31,,,0,35,,6215,31,,,0,75,,6205,31,,,0,35,,6216,31,,,0,75,,6206,31,,,0,35,,6217,31,,,0,75,,6207,31,,,0,75,,6218,31,,,0,35,,6208,31,,,0
1200,'1',904,,6219,30,,,0,35,,6233,30,,,0,70,,6220,30,,,0,35,,6234,30,,,0,70,,6221,30,,,0,35,,6235,30,,,0,70,,6222,30,,,0,35,,6236,30,,,0,70,,6223,30,,,0,35,,6237,30,,,0,70,,6224,30,,,0,75,,6238,30,,,0,30,,6225,30,,,0,75,,6239,30,,,0,30,,6226,30,,,0,75,,6240,30,,,0,30,,6227,30,,,0,75,,6241,30,,,0,30,,6228,30,,,0,105,,6229,30,,,0,100,,6230,30,,,0,100,,6231,30,,,0,100,,6232,30,,,0
1200,'2',904,,6242,30,,,0,105,,6243,30,,,0,105,,6244,30,,,0,105,,6245,30,,,0,105,,6246,30,,,0,105,,6247,30,,,0,105,,6248,30,,,0,105,,6249,30,,,0,105,,6250,30,,,0,105,,6251,30,,,0,105,,6252,30,,,0
1200,'5',729,,6263,29,,,0,30,,6253,29,,,0,75,,6264,29,,,0,70,,6254,29,,,0,35,,6265,30,,,0,70,,6255,30,,,0,35,,6266,30,,,0,70,,6256,30,,,0,35,,6267,30,,,0,75,,6257,30,,,0,35,,6268,30,,,0,75,,6258,30,,,0,75,,6269,30,,,0,35,,6259,30,,,0,75,,6270,30,,,0,35,,6260,30,,,0,75,,6271,30,,,0,75,,6261,30,,,0,35,,6272,30,,,0,70,,6262,30,,,0,35,,6273,30,,,0,105,,6274,30,,,0,105,,6275,30,,,0,100,,6276,30,,,0,100,,6277,30,,,0,100,,6278,30,,,0
1900,'1',759,,6727,35,,,0,145,,6728,35,,,0,105,,6729,35,,,0,105,,6730,35,,,0,105,,6731,35,,,0,35,,6743,35,,,0,70,,6732,35,,,0,35,,6744,35,,,0,70,,6733,35,,,0,75,,6745,35,,,0,30,,6734,35,,,0,75,,6746,35,,,0,30,,6735,35,,,0,105,,6736,35,,,0,105,,6737,35,,,0,105,,6738,35,,,0,100,,6739,35,,,0,100,,6740,35,,,0,100,,6741,35,,,0,100,,6742,35,,,0
1900,'2',904,,6747,35,,,0,105,,6748,35,,,0,105,,6749,35,,,0,105,,6750,35,,,0,105,,6751,35,,,0,105,,6752,35,,,0,105,,6753,35,,,0,105,,6754,35,,,0,105,,6755,35,,,0,105,,6756,35,,,0,105,,6757,35,,,0
1900,'5',729,,6758,35,,,0,30,,6761,35,,,0,75,,6759,35,,,0,70,,6762,35,,,0,35,,6760,35,,,0,70,,6763,35,,,0,35,,6779,35,,,0,70,,6764,35,,,0,35,,6780,35,,,0,75,,6765,35,,,0,35,,6781,35,,,0,75,,6766,35,,,0,75,,6782,35,,,0,35,,6767,35,,,0,75,,6783,35,,,0,35,,6768,35,,,0,75,,6771,35,,,0,75,,6769,35,,,0,35,,6772,35,,,0,70,,6770,35,,,0,35,,6773,35,,,0,105,,6774,35,,,0,105,,6775,35,,,0,100,,6776,35,,,0,100,,6777,35,,,0,95,,6778,35,,,0
