101,'1',808,,5401,4,,,0,105,,5402,4,,,0,30,,5411,4,,,0,75,,5403,4,,,0,30,,5412,4,,,0,75,,5404,4,,,0,30,,5413,4,,,0,75,,5405,4,,,0,30,,5414,4,,,0,75,,5406,4,,,0,70,,5415,4,,,0,35,,5407,4,,,0,70,,5416,4,,,0,35,,5408,4,,,0,70,,5417,4,,,0,35,,5409,4,,,0,70,,5418,4,,,0,35,,5410,4,,,0,70,,5425,4,,,0,35,,5419,4,,,0,70,,5426,4,,,0,73,,5420,4,,,0,30,,5427,4,,,0,70,,5421,4,,,0,30,,5428,4,,,0,70,,5422,4,,,0,30,,5429,4,,,0,70,,5423,4,,,0,30,,5430,4,,,0,70,,5424,4,,,0
101,'2',913,,5431,4,,,0,30,,5442,4,,,0,75,,5432,4,,,0,30,,5443,4,,,0,75,,5433,4,,,0,30,,5444,4,,,0,75,,5434,4,,,0,30,,5445,4,,,0,75,,5435,4,,,0,70,,5446,4,,,0,35,,5436,4,,,0,70,,5447,4,,,0,35,,5437,4,,,0,70,,5448,4,,,0,35,,5438,4,,,0,70,,5449,4,,,0,35,,5439,4,,,0,70,,5450,4,,,0,35,,5440,4,,,0,70,,5451,4,,,0,73,,5441,4,,,0
101,'5',631,,5452,4,,,0,72,,5463,4,,,0,30,,5453,4,,,0,14,,5476,4,,,0,60,,5474,4,,,0,10,,5464,4,,,0,15,,5478,4,,,0,15,,5454,4,,,0,55,,5477,4,,,0,20,,5475,4,,,0,10,,5465,4,,,0,20,,5479,4,,,0,50,,5455,4,,,0,25,,5480,4,,,0,20,,5466,4,,,0,55,,5492,4,,,0,15,,5456,4,,,0,25,,5481,4,,,0,60,,5467,4,,,0,15,,5493,4,,,0,20,,5457,4,,,0,20,,5482,4,,,0,60,,5468,4,,,0,15,,5494,4,,,0,20,,5458,4,,,0,60,,5483,4,,,0,20,,5469,4,,,0,10,,5487,4,,,0,15,,5495,4,,,0,50,,5459,4,,,0,20,,5484,4,,,0,20,,5470,4,,,0,10,,5488,4,,,0,55,,5496,4,,,0,15,,5460,4,,,0,15,,5485,4,,,0,60,,5471,4,,,0,10,,5489,4,,,0,15,,5497,4,,,0,15,,5461,4,,,0,15,,5486,4,,,0,51,,5472,4,,,0,10,,5490,4,,,0,30,,5462,4,,,0,65,,5473,4,,,0,40,,5491,4,,,0,74,,5502,4,,,0,31,,5498,4,,,0,73,,5503,4,,,0,70,,5499,4,,,0,30,,5504,4,,,0,70,,5500,4,,,0,30,,5505,4,,,0,71,,5501,4,,,0
900,'5',648,,5927,14,,,0,75,,5917,14,,,0,30,,5928,14,,,0,75,,5918,14,,,0,30,,5929,14,,,0,75,,5919,14,,,0,70,,5930,14,,,0,35,,5920,14,,,0,70,,5931,14,,,0,35,,5921,14,,,0,70,,5932,14,,,0,40,,5922,14,,,0,70,,5933,14,,,0,80,,5923,14,,,0,30,,5934,14,,,0,80,,5924,14,,,0,30,,5935,14,,,0,80,,5925,14,,,0,30,,5936,14,,,0,80,,5926,14,,,0
901,'5',706,,5937,38,,,0,30,,5948,38,,,0,75,,5938,38,,,0,30,,5949,38,,,0,75,,5939,38,,,0,30,,5950,38,,,0,75,,5940,38,,,0,30,,5951,38,,,0,75,,5941,38,,,0,30,,5952,38,,,0,75,,5942,38,,,0,70,,5953,38,,,0,40,,5943,38,,,0,70,,5954,38,,,0,40,,5944,38,,,0,70,,5955,38,,,0,80,,5945,38,,,0,30,,5956,38,,,0,80,,5946,38,,,0,30,,5957,38,,,0,80,,5947,38,,,0
1301,'5',812,,6342,4,,,0,29,,6344,4,,,0,75,,6343,4,,,0
1400,'1',831,,6345,9,,,0,105,,6346,9,,,0,105,,6347,9,,,0,105,,6348,9,,,0,105,,6349,9,,,0,105,,6350,9,,,0,145,,6351,9,,,0,105,,6352,9,,,0,105,,6353,9,,,0
1400,'2',936,,6354,9,,,0,105,,6355,9,,,0,105,,6356,9,,,0,105,,6357,9,,,0,105,,6358,9,,,0,145,,6359,9,,,0,105,,6360,9,,,0
1400,'5',726,,6361,9,,,0,75,,6375,9,,,0,30,,6362,9,,,0,75,,6376,9,,,0,30,,6363,9,,,0,75,,6380,9,,,0,30,,6364,9,,,0,75,,6381,9,,,0,30,,6365,9,,,0,75,,6382,9,,,0,35,,6366,9,,,0,75,,6383,9,,,0,75,,6367,9,,,0,35,,6377,9,,,0,75,,6368,9,,,0,35,,6378,9,,,0,75,,6369,9,,,0,75,,6379,9,,,0,35,,6370,9,,,0,105,,6371,9,,,0,105,,6372,9,,,0,105,,6373,9,,,0,100,,6374,9,,,0
1401,'1',812,,6384,30,,,0,105,,6385,30,,,0,105,,6386,30,,,0,105,,6387,30,,,0,105,,6388,30,,,0,105,,6389,30,,,0,105,,6390,30,,,0,105,,6391,30,,,0,105,,6392,30,,,0,105,,6393,30,,,0
1401,'2',1022,,6394,30,,,0,105,,6395,30,,,0,105,,6396,30,,,0,105,,6397,30,,,0,105,,6398,30,,,0,105,,6399,30,,,0,105,,6400,30,,,0
1401,'5',707,,6401,30,,,0,35,,6416,30,,,0,70,,6402,30,,,0,35,,6417,30,,,0,70,,6403,30,,,0,35,,6418,30,,,0,70,,6404,30,,,0,35,,6422,30,,,0,70,,6405,30,,,0,75,,6423,30,,,0,30,,6406,30,,,0,75,,6424,30,,,0,35,,6407,30,,,0,75,,6425,30,,,0,35,,6408,30,,,0,75,,6419,30,,,0,75,,6409,30,,,0,35,,6420,30,,,0,75,,6410,30,,,0,35,,6421,30,,,0,75,,6411,30,,,0,105,,6412,30,,,0,105,,6413,30,,,0,100,,6414,30,,,0,100,,6415,30,,,0
2300,'1',1001,,7018,16,,,0,105,,7019,16,,,0,105,,7020,16,,,0,105,,7021,16,,,0,105,,7022,16,,,0,105,,7023,16,,,0,105,,7024,16,,,0,105,,7025,16,,,0
2300,'2',1001,,7026,16,,,0,105,,7027,16,,,0,105,,7028,16,,,0,105,,7029,16,,,0,105,,7030,16,,,0,105,,7031,16,,,0,105,,7032,16,,,0
2300,'5',1831,,7043,16,,,0,105,,7044,16,,,0,105,,7045,16,,,0,102,,7046,16,,,0,100,,7047,16,,,0
2301,'1',1031,,7058,23,,,0,105,,7059,23,,,0,105,,7060,23,,,0,105,,7061,23,,,0,105,,7062,23,,,0,105,,7063,23,,,0,145,,7064,23,,,0,105,,7065,23,,,0
2301,'2',1031,,7066,23,,,0,105,,7067,23,,,0,105,,7068,23,,,0,105,,7069,23,,,0,105,,7070,23,,,0,105,,7071,23,,,0,145,,7072,23,,,0
2301,'5',1901,,7084,23,,,0,105,,7085,23,,,0,105,,7086,23,,,0,103,,7087,23,,,0,100,,7088,23,,,0
2901,'1',1102,,7126,6,,,0,105,,7127,6,,,0,105,,7128,6,,,0,105,,7129,6,,,0,105,,7130,6,,,0,105,,7131,6,,,0
2901,'2',1102,,7132,6,,,0,105,,7133,6,,,0,105,,7134,6,,,0,105,,7135,6,,,0,105,,7136,6,,,0,105,,7137,6,,,0
2901,'5',852,,7138,6,,,0,105,,7139,6,,,0,145,,7140,6,,,0,105,,7141,6,,,0,105,,7142,6,,,0,105,,7143,6,,,0,105,,7144,6,,,0,105,,7145,6,,,0,105,,7146,6,,,0,105,,7147,6,,,0,105,,7148,6,,,0
