1001,'1',651,,6087,18,,,0,150,,6061,18,,,0,30,,6080,18,,,0,105,,6062,18,,,0,70,,6081,18,,,0,20,,6092,18,,,0,85,,6063,18,,,0,35,,6082,18,,,0,55,,6091,18,,,0,15,,6072,18,,,0,35,,6064,18,,,0,70,,6083,18,,,0,15,,6088,18,,,0,20,,6073,18,,,0,70,,6065,18,,,0,75,,6084,18,,,0,15,,6089,18,,,0,15,,6074,18,,,0,75,,6066,18,,,0,30,,6085,18,,,0,20,,6090,18,,,0,55,,6075,18,,,0,30,,6067,18,,,0,75,,6086,18,,,0,30,,6076,18,,,0,75,,6068,18,,,0,30,,6093,18,,,0,70,,6077,18,,,0,30,,6069,18,,,0,70,,6094,18,,,0,30,,6078,18,,,0,70,,6070,18,,,0,30,,6095,18,,,0,75,,6079,18,,,0,25,,6071,18,,,0
1001,'2',906,,6111,18,,,0,30,,6096,18,,,0,70,,6112,18,,,0,35,,6109,18,,,0,70,,6097,18,,,0,35,,6113,18,,,0,70,,6103,18,,,0,35,,6098,18,,,0,70,,6114,18,,,0,35,,6104,18,,,0,70,,6099,18,,,0,75,,6115,18,,,0,30,,6105,18,,,0,75,,6100,18,,,0,30,,6116,18,,,0,75,,6106,18,,,0,30,,6101,18,,,0,75,,6117,18,,,0,30,,6107,18,,,0,75,,6102,18,,,0,100,,6108,18,,,0
1001,'5',651,,6129,18,,,0,75,,6140,18,,,0,30,,6118,18,,,0,75,,6130,18,,,0,15,,6150,18,,,0,55,,6141,18,,,0,15,,6151,18,,,0,20,,6119,18,,,0,70,,6131,18,,,0,15,,6158,18,,,0,20,,6142,18,,,0,70,,6120,18,,,0,35,,6132,18,,,0,55,,6159,18,,,0,16,,6143,18,,,0,35,,6121,18,,,0,75,,6133,18,,,0,15,,6160,18,,,0,64,,6144,18,,,0,31,,6122,18,,,0,75,,6134,18,,,0,20,,6152,18,,,0,19,,6145,18,,,0,55,,6154,18,,,0,16,,6123,18,,,0,20,,6147,18,,,0,15,,6135,18,,,0,60,,6153,18,,,0,19,,6146,18,,,0,10,,6155,18,,,0,60,,6124,18,,,0,20,,6148,18,,,0,15,,6136,18,,,0,60,,6157,18,,,0,30,,6156,18,,,0,15,,6125,18,,,0,55,,6149,18,,,0,15,,6137,18,,,0,105,,6126,18,,,0,30,,6138,18,,,0,100,,6127,18,,,0,70,,6139,18,,,0,100,,6128,18,,,0
1501,'1',931,,6477,23,,,0,105,,6478,23,,,0,105,,6479,23,,,0,105,,6480,23,,,0,105,,6481,23,,,0,105,,6482,23,,,0,145,,6483,23,,,0,105,,6484,23,,,0,105,,6485,23,,,0,105,,6486,23,,,0,100,,6487,23,,,0,100,,6488,23,,,0,100,,6489,23,,,0,100,,6490,23,,,0
1501,'2',931,,6491,23,,,0,105,,6492,23,,,0,105,,6493,23,,,0,105,,6494,23,,,0,105,,6495,23,,,0,105,,6496,23,,,0,145,,6497,23,,,0,105,,6498,23,,,0,105,,6499,23,,,0,105,,6500,23,,,0,100,,6501,23,,,0
1501,'5',646,,6502,23,,,0,75,,6514,23,,,0,30,,6503,23,,,0,75,,6515,23,,,0,30,,6504,23,,,0,75,,6516,23,,,0,70,,6505,23,,,0,35,,6517,23,,,0,70,,6506,23,,,0,35,,6518,23,,,0,70,,6507,23,,,0,35,,6519,23,,,0,75,,6508,23,,,0,35,,6520,23,,,0,75,,6509,23,,,0,75,,6521,23,,,0,35,,6510,23,,,0,75,,6522,23,,,0,35,,6511,23,,,0,75,,6523,23,,,0,75,,6512,23,,,0,35,,6524,23,,,0,70,,6513,23,,,0,105,,6525,23,,,0,105,,6526,23,,,0,100,,6527,23,,,0,100,,6528,23,,,0
1600,'1',856,,6529,2,,,0,145,,6530,2,,,0,105,,6531,2,,,0,105,,6532,2,,,0,105,,6533,2,,,0,105,,6534,2,,,0,105,,6535,2,,,0,105,,6536,2,,,0,105,,6537,2,,,0,105,,6538,2,,,0,105,,6539,2,,,0,100,,6540,2,,,0,100,,6541,2,,,0,100,,6542,2,,,0
1600,'2',1001,,6550,2,,,0,105,,6543,2,,,0,105,,6544,2,,,0,105,,6545,2,,,0,105,,6546,2,,,0,105,,6547,2,,,0,105,,6548,2,,,0,105,,6549,2,,,0
1600,'5',716,,6551,2,,,0,105,,6552,2,,,0,35,,6565,2,,,0,70,,6553,2,,,0,30,,6566,2,,,0,75,,6554,2,,,0,70,,6567,2,,,0,35,,6555,2,,,0,75,,6568,2,,,0,35,,6556,2,,,0,75,,6569,2,,,0,35,,6557,2,,,0,75,,6570,2,,,0,75,,6558,2,,,0,35,,6571,2,,,0,75,,6559,2,,,0,35,,6572,2,,,0,75,,6560,2,,,0,75,,6573,2,,,0,30,,6561,2,,,0,105,,6562,2,,,0,105,,6563,2,,,0,105,,6564,2,,,0
2301,'1',1040,,7058,27,,,0,105,,7059,27,,,0,105,,7060,27,,,0,105,,7061,27,,,0,145,,7062,27,,,0,105,,7063,27,,,0,105,,7064,27,,,0,105,,7065,27,,,0
2301,'2',1040,,7066,27,,,0,105,,7067,27,,,0,105,,7068,27,,,0,105,,7069,27,,,0,145,,7070,27,,,0,105,,7071,27,,,0,105,,7072,27,,,0
2301,'5',652,,7073,19,,,0,75,,7089,19,,,0,30,,7074,19,,,0,75,,7090,19,,,0,70,,7075,19,,,0,35,,7091,19,,,0,70,,7076,19,,,0,35,,7092,19,,,0,70,,7077,19,,,0,35,,7093,19,,,0,70,,7078,19,,,0,35,,7094,19,,,0,75,,7079,19,,,0,75,,7095,19,,,0,35,,7080,19,,,0,75,,7096,19,,,0,35,,7081,19,,,0,75,,7097,19,,,0,35,,7082,19,,,0,75,,7098,19,,,0,75,,7083,19,,,0,103,,7084,27,,,0,105,,7085,27,,,0,105,,7086,27,,,0,102,,7087,27,,,0,100,,7088,27,,,0
