201,'1',736,,5601,3,,,0,105,,5593,3,,,0,70,,5614,3,,,0,35,,5602,3,,,0,70,,5609,3,,,0,35,,5594,3,,,0,70,,5615,3,,,0,35,,5603,3,,,0,70,,5610,3,,,0,75,,5595,3,,,0,30,,5616,3,,,0,75,,5604,3,,,0,30,,5611,3,,,0,75,,5596,3,,,0,30,,5617,3,,,0,75,,5605,3,,,0,30,,5612,3,,,0,75,,5597,3,,,0,30,,5618,3,,,0,75,,5606,3,,,0,30,,5613,3,,,0,75,,5598,3,,,0,70,,5619,3,,,0,30,,5607,3,,,0,70,,5620,3,,,0,30,,5599,3,,,0,70,,5621,3,,,0,30,,5608,3,,,0,100,,5600,3,,,0
201,'2',841,,5622,3,,,0,105,,5628,3,,,0,70,,5633,3,,,0,35,,5623,3,,,0,70,,5637,3,,,0,35,,5629,3,,,0,70,,5634,3,,,0,75,,5624,3,,,0,30,,5638,3,,,0,75,,5630,3,,,0,30,,5635,3,,,0,75,,5625,3,,,0,30,,5639,3,,,0,75,,5631,3,,,0,30,,5636,3,,,0,75,,5626,3,,,0,30,,5641,3,,,0,75,,5632,3,,,0,30,,5640,3,,,0,75,,5627,3,,,0
201,'5',631,,5658,3,,,0,70,,5642,3,,,0,35,,5666,3,,,0,70,,5650,3,,,0,15,,5675,3,,,0,20,,5659,3,,,0,70,,5643,3,,,0,35,,5667,3,,,0,70,,5651,3,,,0,35,,5660,3,,,0,70,,5644,3,,,0,35,,5668,3,,,0,75,,5652,3,,,0,75,,5661,3,,,0,35,,5645,3,,,0,75,,5669,3,,,0,35,,5653,3,,,0,55,,5674,3,,,0,20,,5662,3,,,0,20,,5677,3,,,0,55,,5646,3,,,0,15,,5673,3,,,0,20,,5670,3,,,0,20,,5676,3,,,0,55,,5654,3,,,0,15,,5678,3,,,0,20,,5664,3,,,0,70,,5647,3,,,0,35,,5671,3,,,0,70,,5655,3,,,0,35,,5663,3,,,0,70,,5648,3,,,0,75,,5672,3,,,0,30,,5656,3,,,0,70,,5665,3,,,0,30,,5649,3,,,0,100,,5657,3,,,0
1600,'1',911,,6529,11,,,0,105,,6530,11,,,0,105,,6531,11,,,0,105,,6532,11,,,0,105,,6533,11,,,0,105,,6534,11,,,0,105,,6535,11,,,0,105,,6536,11,,,0,105,,6537,11,,,0,105,,6538,11,,,0,145,,6539,11,,,0,100,,6540,11,,,0,100,,6541,11,,,0,100,,6542,11,,,0
1600,'2',1016,,6550,11,,,0,105,,6543,11,,,0,105,,6544,11,,,0,105,,6545,11,,,0,105,,6546,11,,,0,105,,6547,11,,,0,105,,6548,11,,,0,105,,6549,11,,,0
1600,'5',736,,6551,11,,,0,105,,6552,11,,,0,70,,6565,11,,,0,35,,6553,11,,,0,70,,6566,11,,,0,35,,6554,11,,,0,70,,6567,11,,,0,35,,6555,11,,,0,75,,6568,11,,,0,75,,6556,11,,,0,35,,6569,11,,,0,75,,6557,11,,,0,35,,6570,11,,,0,75,,6558,11,,,0,75,,6571,11,,,0,35,,6559,11,,,0,75,,6572,11,,,0,35,,6560,11,,,0,70,,6573,11,,,0,35,,6561,11,,,0,105,,6562,11,,,0,145,,6563,11,,,0,100,,6564,11,,,0
1601,'1',841,,6574,19,,,0,105,,6575,19,,,0,105,,6576,19,,,0,105,,6577,19,,,0,145,,6578,19,,,0,105,,6579,19,,,0,105,,6580,19,,,0,105,,6581,19,,,0,105,,6582,19,,,0,105,,6583,19,,,0,105,,6584,19,,,0,100,,6585,19,,,0,100,,6586,19,,,0,100,,6587,19,,,0
1601,'2',946,,6588,19,,,0,105,,6589,19,,,0,105,,6590,19,,,0,145,,6591,19,,,0,105,,6592,19,,,0,105,,6593,19,,,0,105,,6594,19,,,0,105,,6595,19,,,0
1601,'5',701,,6596,19,,,0,105,,6597,19,,,0,105,,6598,19,,,0,30,,6611,19,,,0,75,,6599,19,,,0,30,,6612,19,,,0,75,,6600,19,,,0,35,,6613,19,,,0,75,,6601,19,,,0,75,,6614,19,,,0,35,,6602,19,,,0,75,,6615,19,,,0,35,,6603,19,,,0,75,,6616,19,,,0,75,,6604,19,,,0,35,,6617,19,,,0,75,,6605,19,,,0,35,,6618,19,,,0,70,,6606,19,,,0,105,,6607,19,,,0,105,,6608,19,,,0,105,,6609,19,,,0,100,,6610,19,,,0
3001,'1',840,,7167,3,,,0,105,,7168,3,,,0,105,,7169,3,,,0,105,,7170,3,,,0,145,,7171,3,,,0,105,,7172,3,,,0,105,,7173,3,,,0,105,,7174,3,,,0
3001,'5',640,,7179,3,,,0,95,,7175,3,,,0,105,,7181,3,,,0,105,,7182,3,,,0,105,,7183,3,,,0,105,,7184,3,,,0,86,,7186,3,,,0,100,,7185,3,,,0,110,,7176,3,,,0,150,,7177,3,,,0,110,,7178,3,,,0,105,,7180,3,,,0
