200,'1',840,,5506,65,4,,0,105,,5514,65,4,,0,70,,5522,65,4,,0,35,,5507,65,4,,0,70,,5528,65,4,,0,35,,5515,65,4,,0,70,,5523,65,4,,0,75,,5508,65,4,,0,30,,5529,65,4,,0,75,,5516,65,4,,0,30,,5524,65,4,,0,75,,5509,65,4,,0,30,,5530,65,4,,0,75,,5517,65,4,,0,30,,5525,65,4,,0,75,,5510,65,4,,0,30,,5531,65,4,,0,75,,5518,65,4,,0,30,,5526,65,4,,0,75,,5511,65,4,,0,70,,5532,65,4,,0,30,,5519,65,4,,0,70,,5527,65,4,,0,30,,5512,65,4,,0,70,,5534,65,4,,0,30,,5520,65,4,,0,70,,5533,65,4,,0,30,,5513,65,4,,0,95,,5521,65,4,,0
200,'2',945,,5540,65,4,,0,105,,5535,65,4,,0,70,,5549,65,4,,0,35,,5541,65,4,,0,70,,5546,65,4,,0,75,,5536,65,4,,0,30,,5550,65,4,,0,75,,5542,65,4,,0,30,,5547,65,4,,0,75,,5537,65,4,,0,30,,5551,65,4,,0,75,,5543,65,4,,0,30,,5548,65,4,,0,75,,5538,65,4,,0,30,,5552,65,4,,0,75,,5544,65,4,,0,30,,5553,65,4,,0,75,,5539,65,4,,0,70,,5554,65,4,,0,30,,5545,65,4,,0
200,'5',735,,5578,65,4,,0,70,,5563,65,4,,0,35,,5571,65,4,,0,15,,5588,65,4,,0,55,,5555,65,4,,0,15,,5589,65,4,,0,20,,5579,65,4,,0,70,,5564,65,4,,0,35,,5572,65,4,,0,70,,5556,65,4,,0,35,,5580,65,4,,0,70,,5565,65,4,,0,75,,5573,65,4,,0,35,,5557,65,4,,0,75,,5581,65,4,,0,35,,5566,65,4,,0,75,,5574,65,4,,0,35,,5558,65,4,,0,55,,5586,65,4,,0,20,,5582,65,4,,0,20,,5590,65,4,,0,55,,5567,65,4,,0,15,,5587,65,4,,0,20,,5575,65,4,,0,60,,5591,65,4,,0,15,,5559,65,4,,0,15,,5592,65,4,,0,20,,5583,65,4,,0,70,,5568,65,4,,0,35,,5576,65,4,,0,70,,5560,65,4,,0,75,,5584,65,4,,0,30,,5569,65,4,,0,70,,5577,65,4,,0,30,,5561,65,4,,0,70,,5585,65,4,,0,30,,5570,65,4,,0,95,,5562,65,4,,0
201,'1',735,,5601,1,,,0,105,,5593,1,,,0,70,,5614,1,,,0,35,,5602,1,,,0,70,,5609,1,,,0,35,,5594,1,,,0,70,,5615,1,,,0,35,,5603,1,,,0,70,,5610,1,,,0,75,,5595,1,,,0,30,,5616,1,,,0,75,,5604,1,,,0,30,,5611,1,,,0,75,,5596,1,,,0,30,,5617,1,,,0,75,,5605,1,,,0,30,,5612,1,,,0,75,,5597,1,,,0,30,,5618,1,,,0,75,,5606,1,,,0,30,,5613,1,,,0,75,,5598,1,,,0,70,,5619,1,,,0,30,,5607,1,,,0,70,,5620,1,,,0,30,,5599,1,,,0,70,,5621,1,,,0,30,,5608,1,,,0,100,,5600,1,,,0
201,'2',840,,5622,1,,,0,105,,5628,1,,,0,70,,5633,1,,,0,35,,5623,1,,,0,70,,5637,1,,,0,35,,5629,1,,,0,70,,5634,1,,,0,75,,5624,1,,,0,30,,5638,1,,,0,75,,5630,1,,,0,30,,5635,1,,,0,75,,5625,1,,,0,30,,5639,1,,,0,75,,5631,1,,,0,30,,5636,1,,,0,75,,5626,1,,,0,30,,5641,1,,,0,75,,5632,1,,,0,30,,5640,1,,,0,75,,5627,1,,,0
201,'5',630,,5658,1,,,0,70,,5642,1,,,0,35,,5666,1,,,0,70,,5650,1,,,0,15,,5675,1,,,0,20,,5659,1,,,0,70,,5643,1,,,0,35,,5667,1,,,0,70,,5651,1,,,0,35,,5660,1,,,0,70,,5644,1,,,0,35,,5668,1,,,0,75,,5652,1,,,0,75,,5661,1,,,0,35,,5645,1,,,0,75,,5669,1,,,0,35,,5653,1,,,0,55,,5674,1,,,0,20,,5662,1,,,0,20,,5677,1,,,0,55,,5646,1,,,0,15,,5673,1,,,0,20,,5670,1,,,0,20,,5676,1,,,0,55,,5654,1,,,0,15,,5678,1,,,0,20,,5664,1,,,0,70,,5647,1,,,0,35,,5671,1,,,0,70,,5655,1,,,0,35,,5663,1,,,0,70,,5648,1,,,0,75,,5672,1,,,0,30,,5656,1,,,0,70,,5665,1,,,0,30,,5649,1,,,0,100,,5657,1,,,0
1000,'1',705,,5958,16,,,0,30,,5977,16,,,0,105,,5959,16,,,0,70,,5978,16,,,0,105,,5960,16,,,0,35,,5979,16,,,0,55,,5988,16,,,0,15,,5969,16,,,0,35,,5961,16,,,0,70,,5980,16,,,0,15,,5985,16,,,0,60,,5970,16,,,0,30,,5962,16,,,0,75,,5981,16,,,0,10,,5986,16,,,0,20,,5971,16,,,0,75,,5963,16,,,0,30,,5982,16,,,0,15,,5987,16,,,0,60,,5972,16,,,0,30,,5964,16,,,0,75,,5983,16,,,0,30,,5973,16,,,0,75,,5965,16,,,0,30,,5990,16,,,0,75,,5974,16,,,0,70,,5966,16,,,0,30,,5991,16,,,0,70,,5975,16,,,0,30,,5967,16,,,0,70,,5992,16,,,0,30,,5976,16,,,0,70,,5968,16,,,0,25,,5993,16,4,,0
1000,'2',840,,5994,16,,,0,105,,6008,16,,,0,70,,5995,16,,,0,35,,6011,16,,,0,70,,6002,16,,,0,35,,5996,16,,,0,70,,6012,16,,,0,75,,6003,16,,,0,30,,5997,16,,,0,75,,6013,16,,,0,30,,6004,16,,,0,75,,5998,16,,,0,30,,6014,16,,,0,75,,6005,16,,,0,30,,5999,16,,,0,75,,6015,16,,,0,30,,6006,16,,,0,75,,6000,16,,,0,105,,6007,16,,,0,70,,6001,16,,,0
1000,'5',630,,6038,16,,,0,70,,6016,16,,,0,35,,6028,16,,,0,15,,6049,16,,,0,55,,6039,16,,,0,15,,6050,16,,,0,20,,6017,16,,,0,70,,6029,16,,,0,15,,6057,16,,,0,20,,6040,16,,,0,70,,6018,16,,,0,35,,6030,16,,,0,55,,6058,16,,,0,15,,6041,16,,,0,35,,6019,16,,,0,75,,6031,16,,,0,15,,6059,16,,,0,60,,6042,16,,,0,35,,6020,16,,,0,75,,6032,16,,,0,15,,6060,16,,,0,20,,6043,16,,,0,55,,6052,16,,,0,20,,6027,16,,,0,20,,6046,16,,,0,55,,6033,16,,,0,15,,6051,16,,,0,20,,6044,16,,,0,10,,6053,16,,,0,65,,6021,16,,,0,20,,6047,16,,,0,15,,6034,16,,,0,55,,6056,16,,,0,15,,6045,16,4,,0,15,,6054,16,,,0,20,,6022,16,,,0,55,,6048,16,,,0,15,,6035,16,,,0,90,,6055,16,4,,0,15,,6023,16,,,0,75,,6036,16,,,0,100,,6024,16,,,0,30,,6037,16,,,0,100,,6025,16,,,0
1001,'1',700,,6087,21,,,0,110,,6061,21,,,0,30,,6080,21,,,0,105,,6062,21,,,0,70,,6081,21,,,0,20,,6092,21,,,0,85,,6063,21,,,0,35,,6082,21,,,0,55,,6091,21,,,0,15,,6072,21,,,0,75,,6064,21,,,0,30,,6083,21,,,0,15,,6088,21,,,0,60,,6073,21,,,0,30,,6065,21,,,0,75,,6084,21,,,0,15,,6089,21,,,0,15,,6074,21,,,0,75,,6066,21,,,0,30,,6085,21,,,0,60,,6090,21,,,0,15,,6075,21,,,0,30,,6067,21,,,0,75,,6086,21,,,0,30,,6076,21,,,0,75,,6068,21,,,0,70,,6093,21,,,0,30,,6077,21,,,0,70,,6069,21,,,0,30,,6094,21,,,0,70,,6078,21,,,0,30,,6070,21,,,0,70,,6095,21,,,0,35,,6079,21,4,,0,65,,6071,21,,,0
1001,'2',915,,6111,21,,,0,30,,6096,21,,,0,70,,6112,21,,,0,35,,6109,21,,,0,70,,6097,21,,,0,35,,6113,21,,,0,70,,6103,21,,,0,75,,6098,21,,,0,30,,6114,21,,,0,75,,6104,21,,,0,30,,6099,21,,,0,75,,6115,21,,,0,30,,6105,21,,,0,75,,6100,21,,,0,30,,6116,21,,,0,75,,6106,21,,,0,30,,6101,21,,,0,75,,6117,21,,,0,30,,6107,21,,,0,75,,6102,21,,,0,100,,6108,21,4,,0
1001,'5',700,,6129,21,,,0,35,,6140,21,,,0,70,,6118,21,,,0,35,,6130,21,,,0,15,,6150,21,,,0,55,,6141,21,,,0,15,,6151,21,,,0,20,,6119,21,,,0,70,,6131,21,,,0,15,,6158,21,,,0,20,,6142,21,,,0,70,,6120,21,,,0,35,,6132,21,,,0,55,,6159,21,,,0,20,,6143,21,,,0,75,,6121,21,,,0,35,,6133,21,,,0,15,,6160,21,,,0,60,,6144,21,,,0,35,,6122,21,,,0,75,,6134,21,,,0,20,,6152,21,,,0,55,,6145,21,,,0,15,,6154,21,,,0,20,,6123,21,,,0,20,,6147,21,,,0,55,,6135,21,,,0,20,,6153,21,,,0,15,,6146,21,,,0,10,,6155,21,,,0,60,,6124,21,,,0,20,,6148,21,,,0,15,,6136,21,,,0,60,,6157,21,4,,0,30,,6156,21,,,0,15,,6125,21,,,0,55,,6149,21,,,0,15,,6137,21,,,0,105,,6126,21,,,0,70,,6138,21,,,0,100,,6127,21,,,0,30,,6139,21,,,0,100,,6128,21,4,,0
1100,'1',945,,6161,1,,,0,105,,6162,1,,,0,105,,6163,1,,,0,145,,6164,1,,,0,105,,6165,1,,,0,105,,6166,1,,,0,105,,6167,1,,,0,105,,6168,1,,,0
1100,'5',700,,6179,1,,,0,35,,6169,1,,,0,70,,6180,1,,,0,35,,6170,1,,,0,70,,6181,1,,,0,35,,6171,1,,,0,70,,6182,1,,,0,35,,6172,1,,,0,70,,6183,1,,,0,35,,6173,1,,,0,75,,6184,1,,,0,75,,6174,1,,,0,35,,6185,1,,,0,75,,6175,1,,,0,35,,6186,1,,,0,75,,6176,1,,,0,75,,6187,1,,,0,35,,6177,1,,,0,75,,6188,1,,,0,35,,6178,1,,,0
1101,'1',945,,6189,32,4,,0,105,,6190,32,4,,0,105,,6191,32,4,,0,145,,6192,32,4,,0,105,,6193,32,4,,0,105,,6194,32,4,,0,105,,6195,32,4,,0,105,,6196,32,4,,0,105,,6197,32,4,,0
1101,'5',735,,6198,32,4,,0,70,,6209,32,4,,0,35,,6199,32,4,,0,70,,6210,32,4,,0,35,,6200,32,4,,0,70,,6211,32,4,,0,35,,6201,32,4,,0,70,,6212,32,4,,0,35,,6202,32,4,,0,70,,6213,32,4,,0,75,,6203,32,4,,0,35,,6214,32,4,,0,75,,6204,32,4,,0,35,,6215,32,4,,0,75,,6205,32,4,,0,35,,6216,32,4,,0,75,,6206,32,4,,0,75,,6217,32,4,,0,35,,6207,32,4,,0,75,,6218,32,4,,0,35,,6208,32,4,,0
1200,'1',910,,6219,31,4,,0,35,,6233,31,4,,0,70,,6220,31,4,,0,35,,6234,31,4,,0,70,,6221,31,4,,0,35,,6235,31,4,,0,70,,6222,31,4,,0,75,,6236,31,4,,0,30,,6223,31,4,,0,75,,6237,31,4,,0,30,,6224,31,4,,0,75,,6238,31,4,,0,30,,6225,31,4,,0,75,,6239,31,4,,0,30,,6226,31,4,,0,75,,6240,31,4,,0,30,,6227,31,4,,0,75,,6241,31,4,,0,30,,6228,31,4,,0,145,,6229,31,4,,0,100,,6230,31,4,,0,100,,6231,31,4,,0,100,,6232,31,4,,0
1200,'2',910,,6242,31,4,,0,105,,6243,31,4,,0,105,,6244,31,4,,0,105,,6245,31,4,,0,105,,6246,31,4,,0,105,,6247,31,4,,0,105,,6248,31,4,,0,105,,6249,31,4,,0,105,,6250,31,4,,0,105,,6251,31,4,,0,145,,6252,31,4,,0
1200,'5',735,,6263,30,4,,0,70,,6253,30,4,,0,35,,6264,30,4,,0,70,,6254,30,4,,0,35,,6265,31,4,,0,70,,6255,31,4,,0,35,,6266,31,4,,0,70,,6256,31,4,,0,35,,6267,31,4,,0,75,,6257,31,4,,0,75,,6268,31,4,,0,35,,6258,31,4,,0,75,,6269,31,4,,0,35,,6259,31,4,,0,75,,6270,31,4,,0,75,,6260,31,4,,0,35,,6271,31,4,,0,75,,6261,31,4,,0,35,,6272,31,4,,0,70,,6262,31,4,,0,35,,6273,31,4,,0,105,,6274,31,4,,0,145,,6275,31,4,,0,100,,6276,31,4,,0,100,,6277,31,4,,0,100,,6278,31,4,,0
1201,'1',840,,6293,1,,,0,70,,6279,1,,,0,35,,6294,1,,,0,70,,6280,1,,,0,35,,6295,1,,,0,70,,6281,1,,,0,35,,6301,1,,,0,70,,6282,1,,,0,75,,6296,1,,,0,30,,6283,1,,,0,75,,6297,1,,,0,30,,6284,1,,,0,75,,6298,1,,,0,30,,6285,1,,,0,75,,6299,1,,,0,30,,6286,1,,,0,75,,6300,1,,,0,30,,6287,1,,,0,75,,6302,1,,,0,30,,6288,1,,,0,145,,6289,1,,,0,100,,6290,1,,,0,100,,6291,1,,,0,100,,6292,1,,,0
1201,'2',910,,6303,1,,,0,105,,6304,1,,,0,105,,6305,1,,,0,105,,6306,1,,,0,105,,6307,1,,,0,105,,6308,1,,,0,105,,6309,1,,,0,105,,6310,1,,,0,105,,6311,1,,,0,105,,6312,1,,,0,145,,6313,1,,,0
1201,'5',700,,6314,1,,,0,35,,6324,1,,,0,70,,6315,1,,,0,35,,6325,1,,,0,70,,6316,1,,,0,35,,6326,1,,,0,70,,6317,1,,,0,35,,6327,1,,,0,70,,6318,1,,,0,35,,6328,1,,,0,75,,6319,1,,,0,75,,6329,1,,,0,35,,6320,1,,,0,75,,6330,1,,,0,35,,6321,1,,,0,75,,6331,1,,,0,75,,6322,1,,,0,35,,6332,1,,,0,75,,6323,1,,,0,35,,6333,1,,,0,105,,6334,1,,,0,105,,6335,1,,,0,145,,6336,1,,,0,100,,6337,1,,,0,100,,6338,1,,,0
1500,'1',840,,6426,1,,,0,105,,6427,1,,,0,105,,6428,1,,,0,105,,6429,1,,,0,145,,6430,1,,,0,105,,6431,1,,,0,105,,6432,1,,,0,105,,6433,1,,,0,105,,6434,1,,,0,105,,6435,1,,,0,105,,6436,1,,,0,100,,6437,1,,,0,100,,6438,1,,,0,100,,6439,1,,,0
1500,'2',840,,6440,1,,,0,105,,6441,1,,,0,105,,6442,1,,,0,105,,6443,1,,,0,145,,6444,1,,,0,105,,6445,1,,,0,105,,6446,1,,,0,105,,6447,1,,,0,105,,6448,1,,,0,105,,6449,1,,,0,105,,6450,1,,,0
1500,'5',630,,6462,1,,,0,70,,6451,1,,,0,35,,6463,1,,,0,70,,6452,1,,,0,35,,6464,1,,,0,70,,6453,1,,,0,35,,6465,1,,,0,70,,6454,1,,,0,35,,6466,1,,,0,70,,6455,1,,,0,35,,6467,1,,,0,75,,6456,1,,,0,75,,6468,1,,,0,35,,6457,1,,,0,75,,6469,1,,,0,35,,6458,1,,,0,75,,6470,1,,,0,75,,6459,1,,,0,35,,6471,1,,,0,75,,6460,1,,,0,35,,6472,1,,,0,70,,6461,1,,,0,105,,6473,1,,,0,105,,6474,1,,,0,105,,6475,1,,,0,100,,6476,1,,,0
1501,'1',945,,6477,31,4,,0,105,,6478,31,4,,0,105,,6479,31,4,,0,145,,6480,31,4,,0,105,,6481,31,4,,0,105,,6482,31,4,,0,105,,6483,31,4,,0,105,,6484,31,4,,0,105,,6485,31,4,,0,105,,6486,31,4,,0,100,,6487,31,4,,0,100,,6488,31,4,,0,100,,6489,31,4,,0,100,,6490,31,4,,0
1501,'2',945,,6491,31,4,,0,105,,6492,31,4,,0,105,,6493,31,4,,0,145,,6494,31,4,,0,105,,6495,31,4,,0,105,,6496,31,4,,0,105,,6497,31,4,,0,105,,6498,31,4,,0,105,,6499,31,4,,0,105,,6500,31,4,,0,100,,6501,31,4,,0
1501,'5',700,,6502,31,4,,0,35,,6514,31,4,,0,70,,6503,31,4,,0,35,,6515,31,4,,0,70,,6504,31,4,,0,35,,6516,31,4,,0,70,,6505,31,4,,0,35,,6517,31,4,,0,70,,6506,31,4,,0,35,,6518,31,4,,0,70,,6507,31,4,,0,75,,6519,31,4,,0,35,,6508,31,4,,0,75,,6520,31,4,,0,35,,6509,31,4,,0,75,,6521,31,4,,0,35,,6510,31,4,,0,75,,6522,31,4,,0,75,,6511,31,4,,0,35,,6523,31,4,,0,75,,6512,31,4,,0,35,,6524,31,4,,0,70,,6513,31,4,,0,105,,6525,31,4,,0,105,,6526,31,4,,0,100,,6527,31,4,,0,100,,6528,31,4,,0
1600,'1',910,,6529,9,,,0,105,,6530,9,,,0,105,,6531,9,,,0,105,,6532,9,,,0,105,,6533,9,,,0,105,,6534,9,,,0,105,,6535,9,,,0,105,,6536,9,,,0,105,,6537,9,,,0,105,,6538,9,,,0,145,,6539,9,,,0,100,,6540,9,,,0,100,,6541,9,,,0,100,,6542,9,,,0
1600,'2',1015,,6550,9,,,0,105,,6543,9,,,0,105,,6544,9,,,0,105,,6545,9,,,0,105,,6546,9,,,0,105,,6547,9,,,0,105,,6548,9,,,0,105,,6549,9,,,0
1600,'5',735,,6551,9,,,0,105,,6552,9,,,0,70,,6565,9,,,0,35,,6553,9,,,0,70,,6566,9,,,0,35,,6554,9,,,0,70,,6567,9,,,0,35,,6555,9,,,0,75,,6568,9,,,0,75,,6556,9,,,0,35,,6569,9,,,0,75,,6557,9,,,0,35,,6570,9,,,0,75,,6558,9,,,0,75,,6571,9,,,0,35,,6559,9,,,0,75,,6572,9,,,0,35,,6560,9,,,0,70,,6573,9,,,0,35,,6561,9,,,0,105,,6562,9,,,0,145,,6563,9,,,0,100,,6564,9,,,0
1601,'1',840,,6574,17,,,0,105,,6575,17,,,0,105,,6576,17,,,0,105,,6577,17,,,0,145,,6578,17,,,0,105,,6579,17,,,0,105,,6580,17,,,0,105,,6581,17,,,0,105,,6582,17,,,0,105,,6583,17,,,0,105,,6584,17,,,0,100,,6585,17,,,0,100,,6586,17,,,0,100,,6587,17,,,0
1601,'2',945,,6588,17,,,0,105,,6589,17,,,0,105,,6590,17,,,0,145,,6591,17,,,0,105,,6592,17,,,0,105,,6593,17,,,0,105,,6594,17,,,0,105,,6595,17,,,0
1601,'5',700,,6596,17,,,0,105,,6597,17,,,0,105,,6598,17,,,0,30,,6611,17,,,0,75,,6599,17,,,0,30,,6612,17,,,0,75,,6600,17,,,0,35,,6613,17,,,0,75,,6601,17,,,0,75,,6614,17,,,0,35,,6602,17,,,0,75,,6615,17,,,0,35,,6603,17,,,0,75,,6616,17,,,0,75,,6604,17,,,0,35,,6617,17,,,0,75,,6605,17,,,0,35,,6618,17,,,0,70,,6606,17,,,0,105,,6607,17,,,0,105,,6608,17,,,0,105,,6609,17,,,0,100,,6610,17,,,0
1900,'1',805,,6727,36,4,,0,105,,6728,36,4,,0,105,,6729,36,4,,0,105,,6730,36,4,,0,105,,6731,36,4,,0,75,,6743,36,4,,0,30,,6732,36,4,,0,75,,6744,36,4,,0,30,,6733,36,4,,0,75,,6745,36,4,,0,30,,6734,36,4,,0,75,,6746,36,4,,0,30,,6735,36,4,,0,105,,6736,36,4,,0,105,,6737,36,4,,0,145,,6738,36,4,,0,100,,6739,36,4,,0,100,,6740,36,4,,0,100,,6741,36,4,,0,100,,6742,36,4,,0
1900,'2',910,,6747,36,4,,0,105,,6748,36,4,,0,105,,6749,36,4,,0,105,,6750,36,4,,0,105,,6751,36,4,,0,105,,6752,36,4,,0,105,,6753,36,4,,0,105,,6754,36,4,,0,105,,6755,36,4,,0,105,,6756,36,4,,0,145,,6757,36,4,,0
1900,'5',735,,6758,36,4,,0,70,,6761,36,4,,0,35,,6759,36,4,,0,70,,6762,36,4,,0,35,,6760,36,4,,0,70,,6763,36,4,,0,35,,6779,36,4,,0,70,,6764,36,4,,0,35,,6780,36,4,,0,75,,6765,36,4,,0,75,,6781,36,4,,0,35,,6766,36,4,,0,75,,6782,36,4,,0,35,,6767,36,4,,0,75,,6783,36,4,,0,75,,6768,36,4,,0,35,,6771,36,4,,0,75,,6769,36,4,,0,35,,6772,36,4,,0,70,,6770,36,4,,0,35,,6773,36,4,,0,105,,6774,36,4,,0,145,,6775,36,4,,0,100,,6776,36,4,,0,100,,6777,36,4,,0,55,,6778,36,4,,0
1901,'1',805,,6784,1,,,0,105,,6785,1,,,0,105,,6786,1,,,0,105,,6787,1,,,0,35,,6799,1,,,0,70,,6788,1,,,0,75,,6800,1,,,0,30,,6789,1,,,0,75,,6801,1,,,0,30,,6790,1,,,0,75,,6802,1,,,0,30,,6791,1,,,0,105,,6792,1,,,0,105,,6793,1,,,0,105,,6794,1,,,0,145,,6795,1,,,0,100,,6796,1,,,0,100,,6797,1,,,0,100,,6798,1,,,0
1901,'2',910,,6803,1,,,0,105,,6804,1,,,0,105,,6805,1,,,0,105,,6806,1,,,0,105,,6807,1,,,0,105,,6808,1,,,0,105,,6809,1,,,0,105,,6810,1,,,0,105,,6811,1,,,0,105,,6812,1,,,0,145,,6813,1,,,0
1901,'5',630,,6814,1,,,0,70,,6816,1,,,0,35,,6815,1,,,0,70,,6818,1,,,0,35,,6817,1,,,0,70,,6819,1,,,0,35,,6834,1,,,0,70,,6820,1,,,0,35,,6835,1,,,0,70,,6821,1,,,0,35,,6836,1,,,0,75,,6822,1,,,0,75,,6837,1,,,0,35,,6823,1,,,0,75,,6838,1,,,0,35,,6824,1,,,0,75,,6839,1,,,0,75,,6825,1,,,0,35,,6827,1,,,0,75,,6826,1,,,0,35,,6828,1,,,0,105,,6829,1,,,0,105,,6830,1,,,0,145,,6831,1,,,0,100,,6832,1,,,0,100,,6833,1,,,0
2300,'1',945,,7018,1,,,0,105,,7019,1,,,0,105,,7020,1,,,0,145,,7021,1,,,0,105,,7022,1,,,0,105,,7023,1,,,0,105,,7024,1,,,0,105,,7025,1,,,0
2300,'2',945,,7026,1,,,0,105,,7027,1,,,0,105,,7028,1,,,0,145,,7029,1,,,0,105,,7030,1,,,0,105,,7031,1,,,0,105,,7032,1,,,0
2300,'5',630,,7048,1,,,0,70,,7033,1,,,0,35,,7049,1,,,0,70,,7034,1,,,0,35,,7050,1,,,0,70,,7035,1,,,0,35,,7051,1,,,0,70,,7036,1,,,0,35,,7052,1,,,0,70,,7037,1,,,0,35,,7053,1,,,0,75,,7038,1,,,0,75,,7054,1,,,0,35,,7039,1,,,0,75,,7055,1,,,0,35,,7040,1,,,0,75,,7056,1,,,0,75,,7041,1,,,0,35,,7057,1,,,0,75,,7042,1,,,0,105,,7043,1,,,0,105,,7044,1,,,0,105,,7045,1,,,0,105,,7046,1,,,0,100,,7047,1,,,0
2301,'1',1050,,7058,30,4,,0,105,,7059,30,4,,0,145,,7060,30,4,,0,105,,7061,30,4,,0,105,,7062,30,4,,0,105,,7063,30,4,,0,105,,7064,30,4,,0,105,,7065,30,4,,0
2301,'2',1050,,7066,30,4,,0,105,,7067,30,4,,0,145,,7068,30,4,,0,105,,7069,30,4,,0,105,,7070,30,4,,0,105,,7071,30,4,,0,105,,7072,30,4,,0
2301,'5',700,,7073,22,4,,0,35,,7089,22,4,,0,70,,7074,22,4,,0,35,,7090,22,4,,0,70,,7075,22,4,,0,35,,7091,22,4,,0,70,,7076,22,4,,0,35,,7092,22,4,,0,70,,7077,22,4,,0,35,,7093,22,4,,0,70,,7078,22,4,,0,75,,7094,22,4,,0,35,,7079,22,4,,0,75,,7095,22,4,,0,35,,7080,22,4,,0,75,,7096,22,4,,0,35,,7081,22,4,,0,75,,7097,22,4,,0,75,,7082,22,4,,0,35,,7098,22,4,,0,75,,7083,22,4,,0,105,,7084,30,4,,0,105,,7085,30,4,,0,105,,7086,30,4,,0,100,,7087,30,4,,0,100,,7088,30,4,,0
3000,'1',940,,7149,35,4,,0,105,,7150,35,4,,0,105,,7151,35,4,,0,105,,7152,35,4,,0,145,,7153,35,4,,0,105,,7154,35,4,,0,105,,7155,35,4,,0
3000,'5',735,,7157,35,4,,0,100,,7156,35,4,,0,105,,7161,35,4,,0,105,,7162,35,4,,0,105,,7163,35,4,,0,90,,7164,20,4,,0,100,,7165,20,4,,0,110,,7166,20,4,,0,105,,7158,20,4,,0,150,,7159,20,4,,0,110,,7160,20,4,,0
3001,'1',840,,7167,1,,,0,105,,7168,1,,,0,105,,7169,1,,,0,105,,7170,1,,,0,145,,7171,1,,,0,105,,7172,1,,,0,105,,7173,1,,,0,105,,7174,1,,,0
3001,'5',640,,7179,1,,,0,95,,7175,1,,,0,105,,7181,1,,,0,105,,7182,1,,,0,105,,7183,1,,,0,105,,7184,1,,,0,85,,7186,1,,,0,100,,7185,1,,,0,110,,7176,1,,,0,150,,7177,1,,,0,110,,7178,1,,,0,105,,7180,1,,,0
