100,'1',736,,5297,2,,,0,105,,5298,2,,,0,70,,5307,2,,,0,35,,5299,2,,,0,70,,5308,2,,,0,35,,5300,2,,,0,70,,5309,2,,,0,35,,5301,2,,,0,70,,5310,2,,,0,75,,5302,2,,,0,30,,5311,2,,,0,75,,5303,2,,,0,30,,5312,2,,,0,75,,5304,2,,,0,30,,5313,2,,,0,75,,5305,2,,,0,30,,5314,2,,,0,75,,5306,2,,,0,30,,5321,2,,,0,75,,5315,2,,,0,30,,5322,2,,,0,75,,5316,2,,,0,70,,5323,2,,,0,30,,5317,2,,,0,70,,5324,2,,,0,30,,5318,2,,,0,70,,5325,2,,,0,30,,5319,2,,,0,70,,5326,2,,,0,30,,5320,2,,,0
100,'2',841,,5327,2,,,0,70,,5338,2,,,0,35,,5328,2,,,0,70,,5339,2,,,0,35,,5329,2,,,0,70,,5340,2,,,0,35,,5330,2,,,0,70,,5341,2,,,0,75,,5331,2,,,0,30,,5342,2,,,0,75,,5332,2,,,0,30,,5343,2,,,0,75,,5333,2,,,0,30,,5344,2,,,0,75,,5334,2,,,0,30,,5345,2,,,0,75,,5335,2,,,0,30,,5346,2,,,0,75,,5336,2,,,0,30,,5347,2,,,0,75,,5337,2,,,0
100,'5',631,,5358,2,,,0,70,,5348,2,,,0,10,,5385,2,,,0,16,,5386,2,,,0,10,,5359,2,,,0,15,,5371,2,,,0,55,,5349,2,,,0,15,,5370,2,,,0,20,,5369,2,,,0,10,,5360,2,,,0,60,,5372,2,,,0,10,,5350,2,,,0,25,,5373,2,,,0,60,,5361,2,,,0,30,,5351,2,,,0,65,,5374,2,,,0,20,,5362,2,,,0,15,,5387,2,,,0,20,,5352,2,,,0,60,,5375,2,,,0,20,,5363,2,,,0,15,,5388,2,,,0,60,,5353,2,,,0,20,,5376,2,,,0,20,,5364,2,,,0,50,,5380,2,,,0,15,,5389,2,,,0,10,,5354,2,,,0,20,,5377,2,,,0,60,,5365,2,,,0,10,,5381,2,,,0,15,,5390,2,,,0,15,,5355,2,,,0,55,,5378,2,,,0,20,,5366,2,,,0,10,,5382,2,,,0,15,,5391,2,,,0,55,,5356,2,,,0,15,,5379,2,,,0,19,,5367,2,,,0,10,,5383,2,,,0,70,,5357,2,,,0,25,,5368,2,,,0,80,,5384,2,,,0,26,,5397,2,,,0,79,,5393,2,,,0,75,,5398,2,,,0,30,,5394,2,,,0,70,,5399,2,,,0,30,,5395,2,,,0,70,,5400,2,,,0,30,,5396,2,,,0
200,'1',737,,5506,2,,,0,105,,5514,2,,,0,70,,5522,2,,,0,35,,5507,2,,,0,70,,5528,2,,,0,35,,5515,2,,,0,70,,5523,2,,,0,35,,5508,2,,,0,70,,5529,2,,,0,75,,5516,2,,,0,30,,5524,2,,,0,75,,5509,2,,,0,30,,5530,2,,,0,75,,5517,2,,,0,30,,5525,2,,,0,75,,5510,2,,,0,30,,5531,2,,,0,75,,5518,2,,,0,30,,5526,2,,,0,75,,5511,2,,,0,30,,5532,2,,,0,75,,5519,2,,,0,70,,5527,2,,,0,30,,5512,2,,,0,70,,5534,2,,,0,30,,5520,2,,,0,70,,5533,2,,,0,30,,5513,2,,,0,100,,5521,2,,,0
200,'2',842,,5540,2,,,0,105,,5535,2,,,0,70,,5549,2,,,0,35,,5541,2,,,0,70,,5546,2,,,0,35,,5536,2,,,0,70,,5550,2,,,0,75,,5542,2,,,0,30,,5547,2,,,0,75,,5537,2,,,0,30,,5551,2,,,0,75,,5543,2,,,0,30,,5548,2,,,0,75,,5538,2,,,0,30,,5552,2,,,0,75,,5544,2,,,0,30,,5553,2,,,0,75,,5539,2,,,0,30,,5554,2,,,0,75,,5545,2,,,0
200,'5',632,,5578,2,,,0,70,,5563,2,,,0,35,,5571,2,,,0,15,,5588,2,,,0,55,,5555,2,,,0,15,,5589,2,,,0,20,,5579,2,,,0,70,,5564,2,,,0,35,,5572,2,,,0,70,,5556,2,,,0,35,,5580,2,,,0,70,,5565,2,,,0,35,,5573,2,,,0,75,,5557,2,,,0,75,,5581,2,,,0,35,,5566,2,,,0,75,,5574,2,,,0,35,,5558,2,,,0,55,,5586,2,,,0,20,,5582,2,,,0,20,,5590,2,,,0,55,,5567,2,,,0,15,,5587,2,,,0,20,,5575,2,,,0,20,,5591,2,,,0,55,,5559,2,,,0,15,,5592,2,,,0,20,,5583,2,,,0,70,,5568,2,,,0,35,,5576,2,,,0,70,,5560,2,,,0,35,,5584,2,,,0,70,,5569,2,,,0,75,,5577,2,,,0,30,,5561,2,,,0,70,,5585,2,,,0,30,,5570,2,,,0,100,,5562,2,,,0
300,'1',737,,5689,3,,,0,75,,5679,3,,,0,30,,5699,3,,,0,70,,5690,3,,,0,35,,5680,3,,,0,70,,5700,3,,,0,35,,5691,3,,,0,70,,5681,3,,,0,35,,5701,3,,,0,70,,5692,3,,,0,75,,5682,3,,,0,30,,5702,3,,,0,75,,5693,3,,,0,30,,5683,3,,,0,75,,5703,3,,,0,30,,5694,3,,,0,75,,5684,3,,,0
300,'5',632,,5736,3,,,0,70,,5747,3,,,0,20,,5764,3,,,0,15,,5729,3,,,0,15,,5758,3,,,0,55,,5737,3,,,0,15,,5759,3,,,0,20,,5748,3,,,0,70,,5730,3,,,0,35,,5738,3,,,0,70,,5749,3,,,0,35,,5731,3,,,0,70,,5739,3,,,0,35,,5750,3,,,0,75,,5732,3,,,0,75,,5740,3,,,0,35,,5751,3,,,0,75,,5733,3,,,0,35,,5741,3,,,0,75,,5752,3,,,0,20,,5760,3,,,0,55,,5734,3,,,0,15,,5762,3,,,0,20,,5742,3,,,0,20,,5763,3,,,0,55,,5753,3,,,0,15,,5761,3,,,0
600,'1',806,,5853,2,,,0,105,,5854,2,,,0,105,,5855,2,,,0,105,,5856,2,,,0,105,,5857,2,,,0,105,,5858,2,,,0,105,,5859,2,,,0,105,,5860,2,,,0,105,,5861,2,,,0,105,,5862,2,,,0,105,,5863,2,,,0
600,'2',911,,5864,2,,,0,105,,5865,2,,,0,105,,5866,2,,,0,105,,5867,2,,,0,105,,5868,2,,,0,105,,5869,2,,,0,105,,5870,2,,,0,105,,5871,2,,,0
600,'5',631,,5872,2,,,0,70,,5873,2,,,0,105,,5874,2,,,0,105,,5875,2,,,0,105,,5876,2,,,0,105,,5877,2,,,0,110,,5878,2,,,0,110,,5879,2,,,0,110,,5880,2,,,0,150,,5881,2,,,0,110,,5882,2,,,0,105,,5883,2,,,0,105,,5884,2,,,0
