1000,'1',659,,5958,15,,,0,47,,5958,17,,,0,23,,5977,15,,,0,7,,5977,17,,,0,98,,5959,15,,,0,7,,5959,17,,,0,63,,5978,15,,,0,7,,5978,17,,,0,98,,5960,15,,,0,7,,5960,17,,,0,26,,5979,15,,,0,9,,5979,17,,,0,8,,5988,15,,,0,47,,5988,17,,,0,8,,5969,15,,,0,7,,5969,17,,,0,26,,5961,15,,,0,9,,5961,17,,,0,63,,5980,15,,,0,7,,5980,17,,,0,8,,5985,15,,,0,7,,5985,17,,,0,11,,5970,15,,,0,49,,5970,17,,,0,23,,5962,15,,,0,7,,5962,17,,,0,26,,5981,15,,,0,49,,5981,17,,,0,4,,5986,15,,,0,6,,5986,17,,,0,13,,5971,15,,,0,7,,5971,17,,,0,66,,5963,15,,,0,9,,5963,17,,,0,23,,5982,15,,,0,7,,5982,17,,,0,9,,5987,15,,,0,6,,5987,17,,,0,51,,5972,15,,,0,9,,5972,17,,,0,23,,5964,15,,,0,7,,5964,17,,,0,66,,5983,15,,,0,9,,5983,17,,,0,23,,5973,15,,,0,7,,5973,17,,,0,66,,5965,15,,,0,9,,5965,17,,,0,23,,5990,15,,,0,7,,5990,17,,,0,66,,5974,15,,,0,9,,5974,17,,,0,23,,5966,15,,,0,47,,5966,17,,,0,23,,5991,15,,,0,7,,5991,17,,,0,23,,5975,15,,,0,47,,5975,17,,,0,23,,5967,15,,,0,7,,5967,17,,,0,23,,5992,15,,,0,47,,5992,17,,,0,23,,5976,15,,,0,7,,5976,17,,,0,23,,5968,15,,,0,47,,5968,17,,,0,19,,5993,15,,,0
1000,'2',834,,5994,15,,,0,7,,5994,17,,,0,98,,6008,15,,,0,7,,6008,17,,,0,63,,5995,15,,,0,7,,5995,17,,,0,26,,6011,15,,,0,9,,6011,17,,,0,63,,6002,15,,,0,7,,6002,17,,,0,26,,5996,15,,,0,9,,5996,17,,,0,63,,6012,15,,,0,7,,6012,17,,,0,26,,6003,15,,,0,49,,6003,17,,,0,23,,5997,15,,,0,7,,5997,17,,,0,26,,6013,15,,,0,49,,6013,17,,,0,23,,6004,15,,,0,7,,6004,17,,,0,66,,5998,15,,,0,9,,5998,17,,,0,23,,6014,15,,,0,7,,6014,17,,,0,66,,6005,15,,,0,9,,6005,17,,,0,23,,5999,15,,,0,7,,5999,17,,,0,66,,6015,15,,,0,9,,6015,17,,,0,23,,6006,15,,,0,7,,6006,17,,,0,66,,6000,15,,,0,9,,6000,17,,,0,96,,6007,15,,,0,9,,6007,17,,,0,23,,6001,15,,,0,47,,6001,17,,,0
1000,'5',624,,6038,15,,,0,7,,6038,17,,,0,23,,6016,15,,,0,47,,6016,17,,,0,26,,6028,15,,,0,9,,6028,17,,,0,8,,6049,15,,,0,7,,6049,17,,,0,8,,6039,15,,,0,47,,6039,17,,,0,8,,6050,15,,,0,7,,6050,17,,,0,11,,6017,15,,,0,9,,6017,17,,,0,63,,6029,15,,,0,7,,6029,17,,,0,8,,6057,15,,,0,7,,6057,17,,,0,11,,6040,15,,,0,9,,6040,17,,,0,63,,6018,15,,,0,7,,6018,17,,,0,26,,6030,15,,,0,9,,6030,17,,,0,6,,6058,15,,,0,49,,6058,17,,,0,8,,6041,15,,,0,7,,6041,17,,,0,26,,6019,15,,,0,9,,6019,17,,,0,66,,6031,15,,,0,9,,6031,17,,,0,6,,6059,15,,,0,9,,6059,17,,,0,54,,6042,15,,,0,6,,6042,17,,,0,26,,6020,15,,,0,9,,6020,17,,,0,66,,6032,15,,,0,9,,6032,17,,,0,6,,6060,15,,,0,9,,6060,17,,,0,14,,6043,15,,,0,6,,6043,17,,,0,8,,6052,15,,,0,47,,6052,17,,,0,11,,6027,15,,,0,9,,6027,17,,,0,11,,6046,15,,,0,9,,6046,17,,,0,6,,6033,15,,,0,49,,6033,17,,,0,9,,6051,15,,,0,6,,6051,17,,,0,14,,6044,15,,,0,6,,6044,17,,,0,4,,6053,15,,,0,6,,6053,17,,,0,56,,6021,15,,,0,9,,6021,17,,,0,11,,6047,15,,,0,9,,6047,17,,,0,6,,6034,15,,,0,9,,6034,17,,,0,9,,6056,15,,,0,46,,6056,17,,,0,9,,6045,15,,,0,15,,6054,15,,,0,6,,6054,17,,,0,11,,6022,15,,,0,9,,6022,17,,,0,8,,6048,15,,,0,47,,6048,17,,,0,8,,6035,15,,,0,7,,6035,17,,,0,84,,6055,15,,,0,14,,6023,15,,,0,7,,6023,17,,,0,28,,6036,15,,,0,47,,6036,17,,,0,52,,6024,15,,,0,48,,6024,17,,,0,23,,6037,15,,,0,7,,6037,17,,,0,93,,6025,15,,,0,7,,6025,17,,,0
1100,'1',946,,6161,2,,,0,105,,6162,2,,,0,105,,6163,2,,,0,145,,6164,2,,,0,105,,6165,2,,,0,105,,6166,2,,,0,105,,6167,2,,,0,105,,6168,2,,,0
1100,'5',701,,6179,2,,,0,35,,6169,2,,,0,70,,6180,2,,,0,35,,6170,2,,,0,70,,6181,2,,,0,35,,6171,2,,,0,70,,6182,2,,,0,35,,6172,2,,,0,70,,6183,2,,,0,35,,6173,2,,,0,75,,6184,2,,,0,75,,6174,2,,,0,35,,6185,2,,,0,75,,6175,2,,,0,35,,6186,2,,,0,75,,6176,2,,,0,75,,6187,2,,,0,35,,6177,2,,,0,75,,6188,2,,,0,35,,6178,2,,,0
1201,'1',841,,6293,2,,,0,71,,6279,2,,,0,34,,6294,2,,,0,71,,6280,2,,,0,34,,6295,2,,,0,71,,6281,2,,,0,34,,6301,2,,,0,71,,6282,2,,,0,74,,6296,2,,,0,31,,6283,2,,,0,74,,6297,2,,,0,31,,6284,2,,,0,74,,6298,2,,,0,31,,6285,2,,,0,74,,6299,2,,,0,31,,6286,2,,,0,74,,6300,2,,,0,31,,6287,2,,,0,74,,6302,2,,,0,31,,6288,2,,,0,144,,6289,2,,,0,100,,6290,2,,,0,100,,6291,2,,,0,100,,6292,2,,,0
1201,'2',912,,6303,2,,,0,105,,6304,2,,,0,105,,6305,2,,,0,105,,6306,2,,,0,105,,6307,2,,,0,105,,6308,2,,,0,105,,6309,2,,,0,105,,6310,2,,,0,105,,6311,2,,,0,105,,6312,2,,,0,144,,6313,2,,,0
1201,'5',702,,6314,2,,,0,34,,6324,2,,,0,71,,6315,2,,,0,34,,6325,2,,,0,71,,6316,2,,,0,34,,6326,2,,,0,71,,6317,2,,,0,34,,6327,2,,,0,70,,6318,2,,,0,35,,6328,2,,,0,75,,6319,2,,,0,75,,6329,2,,,0,35,,6320,2,,,0,75,,6330,2,,,0,35,,6321,2,,,0,75,,6331,2,,,0,75,,6322,2,,,0,35,,6332,2,,,0,75,,6323,2,,,0,35,,6333,2,,,0,105,,6334,2,,,0,105,,6335,2,,,0,145,,6336,2,,,0,100,,6337,2,,,0,100,,6338,2,,,0
1501,'1',940,,6477,30,,,0,105,,6478,30,,,0,105,,6479,30,,,0,105,,6480,30,,,0,145,,6481,30,,,0,105,,6482,30,,,0,105,,6483,30,,,0,105,,6484,30,,,0,105,,6485,30,,,0,105,,6486,30,,,0,100,,6487,30,,,0,100,,6488,30,,,0,100,,6489,30,,,0,100,,6490,30,,,0
1501,'2',940,,6491,30,,,0,105,,6492,30,,,0,105,,6493,30,,,0,105,,6494,30,,,0,145,,6495,30,,,0,105,,6496,30,,,0,105,,6497,30,,,0,105,,6498,30,,,0,105,,6499,30,,,0,105,,6500,30,,,0,100,,6501,30,,,0
1501,'5',655,,6502,30,,,0,75,,6514,30,,,0,70,,6503,30,,,0,35,,6515,30,,,0,70,,6504,30,,,0,35,,6516,30,,,0,70,,6505,30,,,0,35,,6517,30,,,0,70,,6506,30,,,0,35,,6518,30,,,0,70,,6507,30,,,0,35,,6519,30,,,0,75,,6508,30,,,0,75,,6520,30,,,0,35,,6509,30,,,0,75,,6521,30,,,0,35,,6510,30,,,0,75,,6522,30,,,0,75,,6511,30,,,0,35,,6523,30,,,0,75,,6512,30,,,0,35,,6524,30,,,0,70,,6513,30,,,0,105,,6525,30,,,0,105,,6526,30,,,0,100,,6527,30,,,0,100,,6528,30,,,0
1901,'1',807,,6784,2,,,0,105,,6785,2,,,0,105,,6786,2,,,0,105,,6787,2,,,0,34,,6799,2,,,0,71,,6788,2,,,0,74,,6800,2,,,0,31,,6789,2,,,0,74,,6801,2,,,0,31,,6790,2,,,0,74,,6802,2,,,0,31,,6791,2,,,0,105,,6792,2,,,0,105,,6793,2,,,0,105,,6794,2,,,0,144,,6795,2,,,0,100,,6796,2,,,0,100,,6797,2,,,0,100,,6798,2,,,0
1901,'2',912,,6803,2,,,0,105,,6804,2,,,0,105,,6805,2,,,0,105,,6806,2,,,0,105,,6807,2,,,0,105,,6808,2,,,0,105,,6809,2,,,0,105,,6810,2,,,0,105,,6811,2,,,0,105,,6812,2,,,0,144,,6813,2,,,0
1901,'5',631,,6814,2,,,0,71,,6816,2,,,0,34,,6815,2,,,0,71,,6818,2,,,0,34,,6817,2,,,0,71,,6819,2,,,0,34,,6834,2,,,0,71,,6820,2,,,0,34,,6835,2,,,0,71,,6821,2,,,0,34,,6836,2,,,0,75,,6822,2,,,0,75,,6837,2,,,0,35,,6823,2,,,0,75,,6838,2,,,0,35,,6824,2,,,0,75,,6839,2,,,0,75,,6825,2,,,0,35,,6827,2,,,0,75,,6826,2,,,0,35,,6828,2,,,0,105,,6829,2,,,0,105,,6830,2,,,0,145,,6831,2,,,0,100,,6832,2,,,0,100,,6833,2,,,0
2300,'1',946,,7018,2,,,0,105,,7019,2,,,0,105,,7020,2,,,0,145,,7021,2,,,0,105,,7022,2,,,0,105,,7023,2,,,0,105,,7024,2,,,0,105,,7025,2,,,0
2300,'2',946,,7026,2,,,0,105,,7027,2,,,0,105,,7028,2,,,0,145,,7029,2,,,0,105,,7030,2,,,0,105,,7031,2,,,0,105,,7032,2,,,0
2300,'5',631,,7048,2,,,0,70,,7033,2,,,0,35,,7049,2,,,0,70,,7034,2,,,0,35,,7050,2,,,0,70,,7035,2,,,0,35,,7051,2,,,0,70,,7036,2,,,0,35,,7052,2,,,0,70,,7037,2,,,0,35,,7053,2,,,0,75,,7038,2,,,0,75,,7054,2,,,0,35,,7039,2,,,0,75,,7055,2,,,0,35,,7040,2,,,0,75,,7056,2,,,0,75,,7041,2,,,0,35,,7057,2,,,0,75,,7042,2,,,0,105,,7043,2,,,0,105,,7044,2,,,0,105,,7045,2,,,0,105,,7046,2,,,0,100,,7047,2,,,0
