101,'1',809,,5401,5,,,0,105,,5402,5,,,0,30,,5411,5,,,0,75,,5403,5,,,0,30,,5412,5,,,0,75,,5404,5,,,0,30,,5413,5,,,0,75,,5405,5,,,0,30,,5414,5,,,0,75,,5406,5,,,0,70,,5415,5,,,0,35,,5407,5,,,0,70,,5416,5,,,0,35,,5408,5,,,0,70,,5417,5,,,0,35,,5409,5,,,0,70,,5418,5,,,0,35,,5410,5,,,0,70,,5425,5,,,0,35,,5419,5,,,0,70,,5426,5,,,0,72,,5420,5,,,0,30,,5427,5,,,0,70,,5421,5,,,0,30,,5428,5,,,0,70,,5422,5,,,0,30,,5429,5,,,0,70,,5423,5,,,0,30,,5430,5,,,0,70,,5424,5,,,0
101,'2',914,,5431,5,,,0,30,,5442,5,,,0,75,,5432,5,,,0,30,,5443,5,,,0,75,,5433,5,,,0,30,,5444,5,,,0,75,,5434,5,,,0,30,,5445,5,,,0,75,,5435,5,,,0,70,,5446,5,,,0,35,,5436,5,,,0,70,,5447,5,,,0,35,,5437,5,,,0,70,,5448,5,,,0,35,,5438,5,,,0,70,,5449,5,,,0,35,,5439,5,,,0,70,,5450,5,,,0,35,,5440,5,,,0,70,,5451,5,,,0,72,,5441,5,,,0
101,'5',631,,5452,5,,,0,73,,5463,5,,,0,30,,5453,5,,,0,14,,5476,5,,,0,60,,5474,5,,,0,10,,5464,5,,,0,15,,5478,5,,,0,15,,5454,5,,,0,55,,5477,5,,,0,20,,5475,5,,,0,10,,5465,5,,,0,20,,5479,5,,,0,50,,5455,5,,,0,25,,5480,5,,,0,20,,5466,5,,,0,55,,5492,5,,,0,15,,5456,5,,,0,25,,5481,5,,,0,60,,5467,5,,,0,15,,5493,5,,,0,20,,5457,5,,,0,20,,5482,5,,,0,60,,5468,5,,,0,15,,5494,5,,,0,20,,5458,5,,,0,60,,5483,5,,,0,20,,5469,5,,,0,10,,5487,5,,,0,15,,5495,5,,,0,50,,5459,5,,,0,20,,5484,5,,,0,20,,5470,5,,,0,10,,5488,5,,,0,55,,5496,5,,,0,15,,5460,5,,,0,15,,5485,5,,,0,60,,5471,5,,,0,10,,5489,5,,,0,15,,5497,5,,,0,15,,5461,5,,,0,15,,5486,5,,,0,51,,5472,5,,,0,10,,5490,5,,,0,30,,5462,5,,,0,65,,5473,5,,,0,40,,5491,5,,,0,74,,5502,5,,,0,31,,5498,5,,,0,72,,5503,5,,,0,70,,5499,5,,,0,30,,5504,5,,,0,70,,5500,5,,,0,30,,5505,5,,,0,72,,5501,5,,,0
901,'5',707,,5937,39,,,0,30,,5948,39,,,0,75,,5938,39,,,0,30,,5949,39,,,0,75,,5939,39,,,0,30,,5950,39,,,0,75,,5940,39,,,0,30,,5951,39,,,0,75,,5941,39,,,0,30,,5952,39,,,0,75,,5942,39,,,0,70,,5953,39,,,0,40,,5943,39,,,0,70,,5954,39,,,0,40,,5944,39,,,0,70,,5955,39,,,0,80,,5945,39,,,0,30,,5956,39,,,0,80,,5946,39,,,0,30,,5957,39,,,0,80,,5947,39,,,0
1301,'5',813,,6342,5,,,0,29,,6344,5,,,0,75,,6343,5,,,0
1401,'1',813,,6384,31,,,0,105,,6385,31,,,0,105,,6386,31,,,0,105,,6387,31,,,0,105,,6388,31,,,0,105,,6389,31,,,0,105,,6390,31,,,0,105,,6391,31,,,0,105,,6392,31,,,0,105,,6393,31,,,0
1401,'2',1023,,6394,31,,,0,105,,6395,31,,,0,105,,6396,31,,,0,105,,6397,31,,,0,105,,6398,31,,,0,105,,6399,31,,,0,105,,6400,31,,,0
1401,'5',708,,6401,31,,,0,35,,6416,31,,,0,70,,6402,31,,,0,35,,6417,31,,,0,70,,6403,31,,,0,35,,6418,31,,,0,70,,6404,31,,,0,35,,6422,31,,,0,70,,6405,31,,,0,75,,6423,31,,,0,30,,6406,31,,,0,75,,6424,31,,,0,35,,6407,31,,,0,75,,6425,31,,,0,35,,6408,31,,,0,75,,6419,31,,,0,75,,6409,31,,,0,35,,6420,31,,,0,75,,6410,31,,,0,35,,6421,31,,,0,75,,6411,31,,,0,105,,6412,31,,,0,105,,6413,31,,,0,100,,6414,31,,,0,100,,6415,31,,,0
2301,'1',1032,,7058,24,,,0,105,,7059,24,,,0,105,,7060,24,,,0,105,,7061,24,,,0,105,,7062,24,,,0,105,,7063,24,,,0,145,,7064,24,,,0,105,,7065,24,,,0
2301,'2',1032,,7066,24,,,0,105,,7067,24,,,0,105,,7068,24,,,0,105,,7069,24,,,0,105,,7070,24,,,0,105,,7071,24,,,0,145,,7072,24,,,0
2301,'5',644,,7073,16,,,0,75,,7089,16,,,0,30,,7074,16,,,0,75,,7090,16,,,0,30,,7075,16,,,0,75,,7091,16,,,0,30,,7076,16,,,0,75,,7092,16,,,0,70,,7077,16,,,0,35,,7093,16,,,0,70,,7078,16,,,0,35,,7094,16,,,0,75,,7079,16,,,0,35,,7095,16,,,0,75,,7080,16,,,0,75,,7096,16,,,0,35,,7081,16,,,0,75,,7097,16,,,0,35,,7082,16,,,0,75,,7098,16,,,0,35,,7083,16,,,0,143,,7084,24,,,0,105,,7085,24,,,0,105,,7086,24,,,0,103,,7087,24,,,0,100,,7088,24,,,0
2901,'1',1104,,7126,7,,,0,105,,7127,7,,,0,105,,7128,7,,,0,105,,7129,7,,,0,105,,7130,7,,,0,105,,7131,7,,,0
2901,'2',1104,,7132,7,,,0,105,,7133,7,,,0,105,,7134,7,,,0,105,,7135,7,,,0,105,,7136,7,,,0,105,,7137,7,,,0
2901,'5',854,,7138,7,,,0,105,,7139,7,,,0,145,,7140,7,,,0,105,,7141,7,,,0,105,,7142,7,,,0,105,,7143,7,,,0,105,,7144,7,,,0,105,,7145,7,,,0,105,,7146,7,,,0,105,,7147,7,,,0,105,,7148,7,,,0
