100,'1',737,,5297,4,,,0,105,,5298,4,,,0,70,,5307,4,,,0,35,,5299,4,,,0,70,,5308,4,,,0,35,,5300,4,,,0,70,,5309,4,,,0,35,,5301,4,,,0,70,,5310,4,,,0,75,,5302,4,,,0,30,,5311,4,,,0,75,,5303,4,,,0,30,,5312,4,,,0,75,,5304,4,,,0,30,,5313,4,,,0,75,,5305,4,,,0,30,,5314,4,,,0,75,,5306,4,,,0,30,,5321,4,,,0,75,,5315,4,,,0,30,,5322,4,,,0,75,,5316,4,,,0,70,,5323,4,,,0,30,,5317,4,,,0,70,,5324,4,,,0,30,,5318,4,,,0,70,,5325,4,,,0,30,,5319,4,,,0,70,,5326,4,,,0,30,,5320,4,,,0
100,'2',842,,5327,4,,,0,70,,5338,4,,,0,35,,5328,4,,,0,70,,5339,4,,,0,35,,5329,4,,,0,70,,5340,4,,,0,35,,5330,4,,,0,70,,5341,4,,,0,75,,5331,4,,,0,30,,5342,4,,,0,75,,5332,4,,,0,30,,5343,4,,,0,75,,5333,4,,,0,30,,5344,4,,,0,75,,5334,4,,,0,30,,5345,4,,,0,75,,5335,4,,,0,30,,5346,4,,,0,75,,5336,4,,,0,30,,5347,4,,,0,75,,5337,4,,,0
100,'5',632,,5358,4,,,0,70,,5348,4,,,0,10,,5385,4,,,0,17,,5386,4,,,0,10,,5359,4,,,0,15,,5371,4,,,0,55,,5349,4,,,0,15,,5370,4,,,0,20,,5369,4,,,0,10,,5360,4,,,0,60,,5372,4,,,0,10,,5350,4,,,0,25,,5373,4,,,0,60,,5361,4,,,0,30,,5351,4,,,0,65,,5374,4,,,0,20,,5362,4,,,0,15,,5387,4,,,0,20,,5352,4,,,0,60,,5375,4,,,0,20,,5363,4,,,0,15,,5388,4,,,0,60,,5353,4,,,0,20,,5376,4,,,0,20,,5364,4,,,0,50,,5380,4,,,0,15,,5389,4,,,0,10,,5354,4,,,0,20,,5377,4,,,0,60,,5365,4,,,0,10,,5381,4,,,0,15,,5390,4,,,0,15,,5355,4,,,0,55,,5378,4,,,0,20,,5366,4,,,0,10,,5382,4,,,0,15,,5391,4,,,0,55,,5356,4,,,0,15,,5379,4,,,0,18,,5367,4,,,0,10,,5383,4,,,0,70,,5357,4,,,0,25,,5368,4,,,0,80,,5384,4,,,0,27,,5397,4,,,0,78,,5393,4,,,0,75,,5398,4,,,0,30,,5394,4,,,0,70,,5399,4,,,0,30,,5395,4,,,0,70,,5400,4,,,0,30,,5396,4,,,0
200,'1',738,,5506,4,,,0,105,,5514,4,,,0,70,,5522,4,,,0,35,,5507,4,,,0,70,,5528,4,,,0,35,,5515,4,,,0,70,,5523,4,,,0,35,,5508,4,,,0,70,,5529,4,,,0,75,,5516,4,,,0,30,,5524,4,,,0,75,,5509,4,,,0,30,,5530,4,,,0,75,,5517,4,,,0,30,,5525,4,,,0,75,,5510,4,,,0,30,,5531,4,,,0,75,,5518,4,,,0,30,,5526,4,,,0,75,,5511,4,,,0,30,,5532,4,,,0,75,,5519,4,,,0,70,,5527,4,,,0,30,,5512,4,,,0,70,,5534,4,,,0,30,,5520,4,,,0,70,,5533,4,,,0,30,,5513,4,,,0,100,,5521,4,,,0
200,'2',843,,5540,4,,,0,105,,5535,4,,,0,70,,5549,4,,,0,35,,5541,4,,,0,70,,5546,4,,,0,35,,5536,4,,,0,70,,5550,4,,,0,75,,5542,4,,,0,30,,5547,4,,,0,75,,5537,4,,,0,30,,5551,4,,,0,75,,5543,4,,,0,30,,5548,4,,,0,75,,5538,4,,,0,30,,5552,4,,,0,75,,5544,4,,,0,30,,5553,4,,,0,75,,5539,4,,,0,30,,5554,4,,,0,75,,5545,4,,,0
200,'5',633,,5578,4,,,0,70,,5563,4,,,0,35,,5571,4,,,0,15,,5588,4,,,0,55,,5555,4,,,0,15,,5589,4,,,0,20,,5579,4,,,0,70,,5564,4,,,0,35,,5572,4,,,0,70,,5556,4,,,0,35,,5580,4,,,0,70,,5565,4,,,0,35,,5573,4,,,0,75,,5557,4,,,0,75,,5581,4,,,0,35,,5566,4,,,0,75,,5574,4,,,0,35,,5558,4,,,0,55,,5586,4,,,0,20,,5582,4,,,0,20,,5590,4,,,0,55,,5567,4,,,0,15,,5587,4,,,0,20,,5575,4,,,0,20,,5591,4,,,0,55,,5559,4,,,0,15,,5592,4,,,0,20,,5583,4,,,0,70,,5568,4,,,0,35,,5576,4,,,0,70,,5560,4,,,0,35,,5584,4,,,0,70,,5569,4,,,0,75,,5577,4,,,0,30,,5561,4,,,0,70,,5585,4,,,0,30,,5570,4,,,0,100,,5562,4,,,0
300,'1',738,,5689,5,,,0,75,,5679,5,,,0,30,,5699,5,,,0,70,,5690,5,,,0,35,,5680,5,,,0,70,,5700,5,,,0,35,,5691,5,,,0,70,,5681,5,,,0,35,,5701,5,,,0,70,,5692,5,,,0,75,,5682,5,,,0,30,,5702,5,,,0,75,,5693,5,,,0,30,,5683,5,,,0,75,,5703,5,,,0,30,,5694,5,,,0,75,,5684,5,,,0
300,'5',633,,5736,5,,,0,70,,5747,5,,,0,20,,5764,5,,,0,15,,5729,5,,,0,15,,5758,5,,,0,55,,5737,5,,,0,15,,5759,5,,,0,20,,5748,5,,,0,70,,5730,5,,,0,35,,5738,5,,,0,70,,5749,5,,,0,35,,5731,5,,,0,70,,5739,5,,,0,35,,5750,5,,,0,75,,5732,5,,,0,75,,5740,5,,,0,35,,5751,5,,,0,75,,5733,5,,,0,35,,5741,5,,,0,75,,5752,5,,,0,20,,5760,5,,,0,55,,5734,5,,,0,15,,5762,5,,,0,20,,5742,5,,,0,20,,5763,5,,,0,55,,5753,5,,,0,15,,5761,5,,,0
600,'1',807,,5853,4,,,0,105,,5854,4,,,0,105,,5855,4,,,0,105,,5856,4,,,0,105,,5857,4,,,0,105,,5858,4,,,0,105,,5859,4,,,0,105,,5860,4,,,0,105,,5861,4,,,0,105,,5862,4,,,0,105,,5863,4,,,0
600,'2',912,,5864,4,,,0,105,,5865,4,,,0,105,,5866,4,,,0,105,,5867,4,,,0,105,,5868,4,,,0,105,,5869,4,,,0,105,,5870,4,,,0,105,,5871,4,,,0
600,'5',632,,5872,4,,,0,70,,5873,4,,,0,105,,5874,4,,,0,105,,5875,4,,,0,105,,5876,4,,,0,105,,5877,4,,,0,110,,5878,4,,,0,110,,5879,4,,,0,110,,5880,4,,,0,150,,5881,4,,,0,110,,5882,4,,,0,105,,5883,4,,,0,105,,5884,4,,,0
