201,'1',815,,5601,44,,,0,105,,5593,44,,,0,30,,5614,44,,,0,75,,5602,44,,,0,30,,5609,44,,,0,75,,5594,44,,,0,70,,5615,44,,,0,35,,5603,44,,,0,70,,5610,44,,,0,35,,5595,44,,,0,70,,5616,44,,,0,35,,5604,44,,,0,70,,5611,44,,,0,35,,5596,44,,,0,70,,5617,44,,,0,35,,5605,44,,,0,70,,5612,44,,,0,75,,5597,44,,,0,30,,5618,44,,,0,75,,5606,44,,,0,30,,5613,44,,,0,70,,5598,44,,,0,30,,5619,44,,,0,70,,5607,44,,,0,30,,5620,44,,,0,70,,5599,44,,,0,30,,5621,44,,,0,70,,5608,44,,,0,100,,5600,44,,,0
201,'2',920,,5622,44,,,0,105,,5628,44,,,0,30,,5633,44,,,0,75,,5623,44,,,0,70,,5637,44,,,0,35,,5629,44,,,0,70,,5634,44,,,0,35,,5624,44,,,0,70,,5638,44,,,0,35,,5630,44,,,0,70,,5635,44,,,0,35,,5625,44,,,0,70,,5639,44,,,0,35,,5631,44,,,0,70,,5636,44,,,0,75,,5626,44,,,0,30,,5641,44,,,0,75,,5632,44,,,0,30,,5640,44,,,0,70,,5627,44,,,0
201,'5',710,,5658,44,,,0,30,,5642,44,,,0,75,,5666,44,,,0,30,,5650,44,,,0,55,,5675,44,,,0,20,,5659,44,,,0,30,,5643,44,,,0,75,,5667,44,,,0,30,,5651,44,,,0,75,,5660,44,,,0,70,,5644,44,,,0,35,,5668,44,,,0,75,,5652,44,,,0,35,,5661,44,,,0,75,,5645,44,,,0,35,,5669,44,,,0,75,,5653,44,,,0,15,,5674,44,,,0,60,,5662,44,,,0,20,,5677,44,,,0,15,,5646,44,,,0,15,,5673,44,,,0,60,,5670,44,,,0,20,,5676,44,,,0,15,,5654,44,,,0,55,,5678,44,,,0,20,,5664,44,,,0,30,,5647,44,,,0,75,,5671,44,,,0,70,,5655,44,,,0,35,,5663,44,,,0,70,,5648,44,,,0,30,,5672,44,,,0,70,,5656,44,,,0,30,,5665,44,,,0,70,,5649,44,,,0,100,,5657,44,,,0
301,'1',845,,5775,26,,,0,75,,5765,26,,,0,30,,5785,26,,,0,75,,5776,26,,,0,30,,5766,26,,,0,75,,5786,26,,,0,70,,5777,26,,,0,35,,5767,26,,,0,70,,5787,26,,,0,35,,5778,26,,,0,70,,5768,26,,,0,35,,5788,26,,,0,70,,5779,26,,,0,35,,5769,26,,,0,70,,5789,26,,,0,35,,5780,26,,,0,70,,5770,26,,,0,75,,5790,26,,,0,30,,5781,26,,,0,75,,5771,26,,,0,30,,5791,26,,,0,70,,5782,26,,,0,30,,5772,26,,,0,70,,5792,26,,,0,30,,5783,26,,,0,70,,5773,26,,,0,30,,5793,26,,,0,70,,5784,26,,,0,30,,5774,26,,,0
301,'2',845,,5794,26,,,0,105,,5802,26,,,0,75,,5795,26,,,0,30,,5810,26,,,0,75,,5803,26,,,0,70,,5796,26,,,0,35,,5811,26,,,0,70,,5804,26,,,0,35,,5797,26,,,0,70,,5812,26,,,0,35,,5805,26,,,0,70,,5798,26,,,0,35,,5813,26,,,0,70,,5806,26,,,0,35,,5799,26,,,0,70,,5814,26,,,0,75,,5807,26,,,0,30,,5800,26,,,0,70,,5815,26,,,0,35,,5808,26,,,0,70,,5801,26,,,0
301,'5',710,,5816,26,,,0,30,,5824,26,,,0,75,,5835,26,,,0,20,,5847,26,,,0,10,,5817,26,,,0,55,,5846,26,,,0,20,,5825,26,,,0,15,,5848,26,,,0,15,,5836,26,,,0,75,,5818,26,,,0,30,,5826,26,,,0,75,,5837,26,,,0,70,,5819,26,,,0,35,,5827,26,,,0,75,,5838,26,,,0,35,,5820,26,,,0,75,,5828,26,,,0,35,,5839,26,,,0,75,,5821,26,,,0,75,,5829,26,,,0,35,,5840,26,,,0,60,,5849,26,,,0,15,,5822,26,,,0,10,,5851,26,,,0,25,,5830,26,,,0,60,,5852,26,,,0,15,,5841,26,,,0,10,,5850,26,,,0,20,,5823,26,,,0,75,,5831,26,,,0,70,,5842,26,,,0,105,,5832,26,,,0,30,,5843,26,,,0,100,,5833,26,,,0,70,,5844,26,,,0,100,,5834,26,,,0
1501,'1',915,,6477,10,,,0,105,,6478,10,,,0,105,,6479,10,,,0,105,,6480,10,,,0,105,,6481,10,,,0,105,,6482,10,,,0,105,,6483,10,,,0,105,,6484,10,,,0,105,,6485,10,,,0,145,,6486,10,,,0,103,,6487,10,,,0,100,,6488,10,,,0,100,,6489,10,,,0,100,,6490,10,,,0
1501,'2',915,,6491,10,,,0,105,,6492,10,,,0,105,,6493,10,,,0,105,,6494,10,,,0,105,,6495,10,,,0,105,,6496,10,,,0,105,,6497,10,,,0,105,,6498,10,,,0,105,,6499,10,,,0,145,,6500,10,,,0,103,,6501,10,,,0
1501,'5',633,,6502,10,,,0,72,,6514,10,,,0,30,,6503,10,,,0,75,,6515,10,,,0,30,,6504,10,,,0,75,,6516,10,,,0,30,,6505,10,,,0,75,,6517,10,,,0,30,,6506,10,,,0,75,,6518,10,,,0,30,,6507,10,,,0,75,,6519,10,,,0,75,,6508,10,,,0,35,,6520,10,,,0,75,,6509,10,,,0,35,,6521,10,,,0,75,,6510,10,,,0,75,,6522,10,,,0,35,,6511,10,,,0,75,,6523,10,,,0,35,,6512,10,,,0,75,,6524,10,,,0,30,,6513,10,,,0,105,,6525,10,,,0,145,,6526,10,,,0,103,,6527,10,,,0,100,,6528,10,,,0
2900,'1',1030,,7103,4,,,0,105,,7104,4,,,0,105,,7105,4,,,0,105,,7106,4,,,0,105,,7107,4,,,0,105,,7108,4,,,0
2900,'2',1030,,7109,4,,,0,105,,7110,4,,,0,105,,7111,4,,,0,105,,7112,4,,,0,105,,7113,4,,,0,105,,7114,4,,,0
2900,'5',820,,7116,4,,,0,105,,7115,4,,,0,105,,7117,4,,,0,105,,7118,4,,,0,105,,7119,4,,,0,105,,7120,4,,,0,105,,7121,4,,,0,105,,7122,4,,,0,145,,7123,4,,,0,105,,7124,4,,,0,105,,7125,4,,,0
