100,'1',755,,5297,29,,,0,145,,5298,29,,,0,30,,5307,29,,,0,75,,5299,29,,,0,30,,5308,29,,,0,75,,5300,29,,,0,30,,5309,29,,,0,75,,5301,29,,,0,30,,5310,29,,,0,75,,5302,29,,,0,30,,5311,29,,,0,75,,5303,29,,,0,30,,5312,29,,,0,75,,5304,29,,,0,70,,5313,29,,,0,35,,5305,29,,,0,70,,5314,29,,,0,35,,5306,29,,,0,70,,5321,29,,,0,35,,5315,29,,,0,70,,5322,29,,,0,35,,5316,29,,,0,70,,5323,29,,,0,30,,5317,29,,,0,70,,5324,29,,,0,30,,5318,29,,,0,70,,5325,29,,,0,30,,5319,29,,,0,70,,5326,29,,,0,30,,5320,29,,,0
100,'2',900,,5327,29,,,0,30,,5338,29,,,0,75,,5328,29,,,0,30,,5339,29,,,0,75,,5329,29,,,0,30,,5340,29,,,0,75,,5330,29,,,0,30,,5341,29,,,0,75,,5331,29,,,0,30,,5342,29,,,0,75,,5332,29,,,0,30,,5343,29,,,0,75,,5333,29,,,0,70,,5344,29,,,0,35,,5334,29,,,0,70,,5345,29,,,0,35,,5335,29,,,0,70,,5346,29,,,0,35,,5336,29,,,0,70,,5347,29,,,0,35,,5337,29,,,0
100,'5',650,,5358,29,,,0,70,,5348,29,,,0,10,,5385,29,,,0,20,,5386,29,,,0,50,,5359,29,,,0,15,,5371,29,,,0,15,,5349,29,,,0,15,,5370,29,,,0,60,,5369,29,,,0,10,,5360,29,,,0,20,,5372,29,,,0,10,,5350,29,,,0,65,,5373,29,,,0,20,,5361,29,,,0,70,,5351,29,,,0,25,,5374,29,,,0,20,,5362,29,,,0,55,,5387,29,,,0,20,,5352,29,,,0,20,,5375,29,,,0,60,,5363,29,,,0,15,,5388,29,,,0,20,,5353,29,,,0,20,,5376,29,,,0,60,,5364,29,,,0,10,,5380,29,,,0,15,,5389,29,,,0,10,,5354,29,,,0,60,,5377,29,,,0,20,,5365,29,,,0,10,,5381,29,,,0,15,,5390,29,,,0,55,,5355,29,,,0,15,,5378,29,,,0,20,,5366,29,,,0,10,,5382,29,,,0,55,,5391,29,,,0,15,,5356,29,,,0,15,,5379,29,,,0,15,,5367,29,,,0,50,,5383,29,,,0,30,,5357,29,,,0,65,,5368,29,,,0,40,,5384,29,,,0,70,,5397,29,,,0,35,,5393,29,,,0,70,,5398,29,,,0,30,,5394,29,,,0,70,,5399,29,,,0,30,,5395,29,,,0,70,,5400,29,,,0,30,,5396,29,,,0
101,'1',815,,5401,7,,,0,105,,5402,7,,,0,30,,5411,7,,,0,75,,5403,7,,,0,30,,5412,7,,,0,75,,5404,7,,,0,70,,5413,7,,,0,35,,5405,7,,,0,70,,5414,7,,,0,35,,5406,7,,,0,70,,5415,7,,,0,35,,5407,7,,,0,70,,5416,7,,,0,35,,5408,7,,,0,70,,5417,7,,,0,35,,5409,7,,,0,70,,5418,7,,,0,75,,5410,7,,,0,30,,5425,7,,,0,75,,5419,7,,,0,30,,5426,7,,,0,70,,5420,7,,,0,30,,5427,7,,,0,70,,5421,7,,,0,30,,5428,7,,,0,70,,5422,7,,,0,30,,5429,7,,,0,70,,5423,7,,,0,30,,5430,7,,,0,70,,5424,7,,,0
101,'2',920,,5431,7,,,0,30,,5442,7,,,0,75,,5432,7,,,0,30,,5443,7,,,0,75,,5433,7,,,0,70,,5444,7,,,0,35,,5434,7,,,0,70,,5445,7,,,0,35,,5435,7,,,0,70,,5446,7,,,0,35,,5436,7,,,0,70,,5447,7,,,0,35,,5437,7,,,0,70,,5448,7,,,0,35,,5438,7,,,0,70,,5449,7,,,0,75,,5439,7,,,0,30,,5450,7,,,0,75,,5440,7,,,0,30,,5451,7,,,0,70,,5441,7,,,0
101,'5',635,,5452,7,,,0,75,,5463,7,,,0,30,,5453,7,,,0,15,,5476,7,,,0,60,,5474,7,,,0,10,,5464,7,,,0,15,,5478,7,,,0,15,,5454,7,,,0,55,,5477,7,,,0,20,,5475,7,,,0,10,,5465,7,,,0,60,,5479,7,,,0,10,,5455,7,,,0,25,,5480,7,,,0,20,,5466,7,,,0,55,,5492,7,,,0,15,,5456,7,,,0,25,,5481,7,,,0,60,,5467,7,,,0,15,,5493,7,,,0,20,,5457,7,,,0,60,,5482,7,,,0,20,,5468,7,,,0,15,,5494,7,,,0,60,,5458,7,,,0,20,,5483,7,,,0,20,,5469,7,,,0,10,,5487,7,,,0,55,,5495,7,,,0,10,,5459,7,,,0,20,,5484,7,,,0,20,,5470,7,,,0,50,,5488,7,,,0,15,,5496,7,,,0,15,,5460,7,,,0,15,,5485,7,,,0,60,,5471,7,,,0,10,,5489,7,,,0,15,,5497,7,,,0,15,,5461,7,,,0,55,,5486,7,4,,0,10,,5472,7,,,0,10,,5490,7,,,0,30,,5462,7,,,0,65,,5473,7,,,0,80,,5491,7,,,0,35,,5502,7,,,0,70,,5498,7,,,0,30,,5503,7,,,0,70,,5499,7,,,0,30,,5504,7,,,0,70,,5500,7,,,0,30,,5505,7,,,0,75,,5501,7,,,0
900,'5',640,,5927,1,,,0,75,,5917,1,,,0,30,,5928,1,,,0,75,,5918,1,,,0,30,,5929,1,,,0,75,,5919,1,,,0,30,,5930,1,,,0,75,,5920,1,,,0,70,,5931,1,,,0,35,,5921,1,,,0,70,,5932,1,,,0,40,,5922,1,,,0,70,,5933,1,,,0,40,,5923,1,,,0,70,,5934,1,,,0,80,,5924,1,,,0,30,,5935,1,,,0,80,,5925,1,,,0,30,,5936,1,,,0,80,,5926,1,,,0
901,'5',715,,5937,41,4,,0,30,,5948,41,4,,0,75,,5938,41,4,,0,30,,5949,41,4,,0,75,,5939,41,4,,0,30,,5950,41,4,,0,75,,5940,41,4,,0,70,,5951,41,4,,0,35,,5941,41,4,,0,70,,5952,41,4,,0,35,,5942,41,4,,0,70,,5953,41,4,,0,40,,5943,41,4,,0,70,,5954,41,4,,0,80,,5944,41,4,,0,30,,5955,41,4,,0,80,,5945,41,4,,0,30,,5956,41,4,,0,80,,5946,41,4,,0,30,,5957,41,4,,0,80,,5947,41,4,,0
1000,'1',715,,5958,21,,,0,30,,5977,21,,,0,105,,5959,21,,,0,70,,5978,21,,,0,105,,5960,21,,,0,75,,5979,21,,,0,15,,5988,21,,,0,15,,5969,21,,,0,75,,5961,21,,,0,30,,5980,21,,,0,15,,5985,21,,,0,60,,5970,21,,,0,30,,5962,21,,,0,75,,5981,21,,,0,10,,5986,21,,,0,20,,5971,21,,,0,75,,5963,21,,,0,30,,5982,21,,,0,55,,5987,21,,,0,20,,5972,21,,,0,30,,5964,21,,,0,75,,5983,21,,,0,70,,5973,21,,,0,35,,5965,21,,,0,70,,5990,21,,,0,35,,5974,21,,,0,70,,5966,21,,,0,30,,5991,21,,,0,70,,5975,21,,,0,30,,5967,21,,,0,70,,5992,21,,,0,30,,5976,21,,,0,70,,5968,21,,,0
1000,'2',850,,5994,21,,,0,105,,6008,21,,,0,70,,5995,21,,,0,75,,6011,21,,,0,30,,6002,21,,,0,75,,5996,21,,,0,30,,6012,21,,,0,75,,6003,21,,,0,30,,5997,21,,,0,75,,6013,21,,,0,30,,6004,21,,,0,75,,5998,21,,,0,30,,6014,21,,,0,75,,6005,21,,,0,30,,5999,21,,,0,75,,6015,21,,,0,70,,6006,21,,,0,35,,6000,21,,,0,105,,6007,21,,,0,70,,6001,21,,,0
1000,'5',640,,6038,21,,,0,70,,6016,21,,,0,35,,6028,21,,,0,55,,6049,21,,,0,15,,6039,21,,,0,15,,6050,21,,,0,20,,6017,21,,,0,70,,6029,21,,,0,15,,6057,21,,,0,20,,6040,21,,,0,70,,6018,21,,,0,75,,6030,21,,,0,15,,6058,21,,,0,15,,6041,21,,,0,75,,6019,21,,,0,35,,6031,21,,,0,15,,6059,21,,,0,60,,6042,21,,,0,35,,6020,21,,,0,75,,6032,21,,,0,15,,6060,21,,,0,60,,6043,21,,,0,15,,6052,21,,,0,20,,6027,21,,,0,20,,6046,21,,,0,55,,6033,21,,,0,15,,6051,21,,,0,20,,6044,21,,,0,10,,6053,21,,,0,65,,6021,21,,,0,20,,6047,21,,,0,15,,6034,21,,,0,55,,6056,21,,,0,30,,6054,21,,,0,60,,6022,21,,,0,15,,6048,21,,,0,15,,6035,21,,,0,105,,6023,21,,,0,75,,6036,21,,,0,100,,6024,21,,,0,30,,6037,21,,,0,100,,6025,21,,,0
1001,'1',650,,6087,17,,,0,150,,6061,17,,,0,30,,6080,17,,,0,105,,6062,17,,,0,70,,6081,17,,,0,20,,6092,17,,,0,85,,6063,17,,,0,35,,6082,17,,,0,55,,6091,17,,,0,15,,6072,17,,,0,35,,6064,17,,,0,70,,6083,17,,,0,15,,6088,17,,,0,20,,6073,17,,,0,70,,6065,17,,,0,75,,6084,17,,,0,15,,6089,17,,,0,15,,6074,17,,,0,75,,6066,17,,,0,30,,6085,17,,,0,20,,6090,17,,,0,55,,6075,17,,,0,30,,6067,17,,,0,75,,6086,17,,,0,30,,6076,17,,,0,75,,6068,17,,,0,30,,6093,17,,,0,70,,6077,17,,,0,30,,6069,17,,,0,70,,6094,17,,,0,30,,6078,17,,,0,70,,6070,17,,,0,30,,6095,17,,,0,75,,6079,17,,,0,25,,6071,17,,,0
1001,'2',905,,6111,17,,,0,30,,6096,17,,,0,70,,6112,17,,,0,35,,6109,17,,,0,70,,6097,17,,,0,35,,6113,17,,,0,70,,6103,17,,,0,35,,6098,17,,,0,70,,6114,17,,,0,35,,6104,17,,,0,70,,6099,17,,,0,75,,6115,17,,,0,30,,6105,17,,,0,75,,6100,17,,,0,30,,6116,17,,,0,75,,6106,17,,,0,30,,6101,17,,,0,75,,6117,17,,,0,30,,6107,17,,,0,75,,6102,17,,,0,100,,6108,17,,,0
1001,'5',650,,6129,17,,,0,75,,6140,17,,,0,30,,6118,17,,,0,75,,6130,17,,,0,15,,6150,17,,,0,55,,6141,17,,,0,15,,6151,17,,,0,20,,6119,17,,,0,70,,6131,17,,,0,15,,6158,17,,,0,20,,6142,17,,,0,70,,6120,17,,,0,35,,6132,17,,,0,55,,6159,17,,,0,15,,6143,17,,,0,35,,6121,17,,,0,75,,6133,17,,,0,15,,6160,17,,,0,65,,6144,17,,,0,30,,6122,17,,,0,75,,6134,17,,,0,20,,6152,17,,,0,20,,6145,17,,,0,55,,6154,17,,,0,15,,6123,17,,,0,20,,6147,17,,,0,15,,6135,17,,,0,60,,6153,17,,,0,20,,6146,17,,,0,10,,6155,17,,,0,60,,6124,17,,,0,20,,6148,17,,,0,15,,6136,17,,,0,60,,6157,17,,,0,30,,6156,17,,,0,15,,6125,17,,,0,55,,6149,17,,,0,15,,6137,17,,,0,105,,6126,17,,,0,30,,6138,17,,,0,100,,6127,17,,,0,70,,6139,17,,,0,100,,6128,17,,,0
1300,'5',755,,6339,8,,,0,70,,6341,8,,,0,75,,6340,8,,,0
1301,'5',820,,6342,7,,,0,30,,6344,7,4,,0,75,,6343,7,4,,0
1400,'1',820,,6345,1,,,0,105,,6346,1,,,0,105,,6347,1,,,0,105,,6348,1,,,0,105,,6349,1,,,0,105,,6350,1,,,0,105,,6351,1,,,0,105,,6352,1,,,0,145,,6353,1,,,0
1400,'2',925,,6354,1,,,0,105,,6355,1,,,0,105,,6356,1,,,0,105,,6357,1,,,0,105,,6358,1,,,0,105,,6359,1,,,0,105,,6360,1,,,0
1400,'5',715,,6361,1,,,0,35,,6375,1,,,0,70,,6362,1,,,0,35,,6376,1,,,0,70,,6363,1,,,0,75,,6380,1,,,0,30,,6364,1,,,0,75,,6381,1,,,0,30,,6365,1,,,0,75,,6382,1,,,0,35,,6366,1,,,0,75,,6383,1,,,0,35,,6367,1,,,0,75,,6377,1,,,0,75,,6368,1,,,0,35,,6378,1,,,0,75,,6369,1,,,0,35,,6379,1,,,0,75,,6370,1,,,0,105,,6371,1,,,0,105,,6372,1,,,0,105,,6373,1,,,0,100,,6374,1,,,0
1401,'1',820,,6384,33,4,,0,105,,6385,33,4,,0,105,,6386,33,4,,0,105,,6387,33,4,,0,105,,6388,33,4,,0,105,,6389,33,4,,0,105,,6390,33,4,,0,105,,6391,33,4,,0,145,,6392,33,4,,0,105,,6393,33,4,,0
1401,'2',1030,,6394,33,4,,0,105,,6395,33,4,,0,105,,6396,33,4,,0,105,,6397,33,4,,0,105,,6398,33,4,,0,105,,6399,33,4,,0,145,,6400,33,4,,0
1401,'5',715,,6401,33,4,,0,35,,6416,33,4,,0,70,,6402,33,4,,0,35,,6417,33,4,,0,70,,6403,33,4,,0,75,,6418,33,4,,0,30,,6404,33,4,,0,75,,6422,33,4,,0,30,,6405,33,4,,0,75,,6423,33,4,,0,30,,6406,33,4,,0,75,,6424,33,4,,0,35,,6407,33,4,,0,75,,6425,33,4,,0,75,,6408,33,4,,0,35,,6419,33,4,,0,75,,6409,33,4,,0,35,,6420,33,4,,0,75,,6410,33,4,,0,35,,6421,33,4,,0,75,,6411,33,4,,0,105,,6412,33,4,,0,105,,6413,33,4,,0,100,,6414,33,4,,0,100,,6415,33,4,,0
1500,'1',850,,6426,9,,,0,105,,6427,9,,,0,145,,6428,9,,,0,105,,6429,9,,,0,105,,6430,9,,,0,105,,6431,9,,,0,105,,6432,9,,,0,105,,6433,9,,,0,105,,6434,9,,,0,105,,6435,9,,,0,105,,6436,9,,,0,100,,6437,9,,,0,100,,6438,9,,,0,100,,6439,9,,,0
1500,'2',850,,6440,9,,,0,105,,6441,9,,,0,145,,6442,9,,,0,105,,6443,9,,,0,105,,6444,9,,,0,105,,6445,9,,,0,105,,6446,9,,,0,105,,6447,9,,,0,105,,6448,9,,,0,105,,6449,9,,,0,105,,6450,9,,,0
1500,'5',640,,6462,9,,,0,70,,6451,9,,,0,35,,6463,9,,,0,70,,6452,9,,,0,35,,6464,9,,,0,70,,6453,9,,,0,35,,6465,9,,,0,70,,6454,9,,,0,75,,6466,9,,,0,30,,6455,9,,,0,75,,6467,9,,,0,35,,6456,9,,,0,75,,6468,9,,,0,35,,6457,9,,,0,75,,6469,9,,,0,75,,6458,9,,,0,35,,6470,9,,,0,75,,6459,9,,,0,35,,6471,9,,,0,75,,6460,9,,,0,35,,6472,9,,,0,70,,6461,9,,,0,105,,6473,9,,,0,105,,6474,9,,,0,105,,6475,9,,,0,100,,6476,9,,,0
1501,'1',930,,6477,22,,,0,105,,6478,22,,,0,105,,6479,22,,,0,105,,6480,22,,,0,105,,6481,22,,,0,105,,6482,22,,,0,145,,6483,22,,,0,105,,6484,22,,,0,105,,6485,22,,,0,105,,6486,22,,,0,100,,6487,22,,,0,100,,6488,22,,,0,100,,6489,22,,,0,100,,6490,22,,,0
1501,'2',930,,6491,22,,,0,105,,6492,22,,,0,105,,6493,22,,,0,105,,6494,22,,,0,105,,6495,22,,,0,105,,6496,22,,,0,145,,6497,22,,,0,105,,6498,22,,,0,105,,6499,22,,,0,105,,6500,22,,,0,100,,6501,22,,,0
1501,'5',645,,6502,22,,,0,75,,6514,22,,,0,30,,6503,22,,,0,75,,6515,22,,,0,30,,6504,22,,,0,75,,6516,22,,,0,70,,6505,22,,,0,35,,6517,22,,,0,70,,6506,22,,,0,35,,6518,22,,,0,70,,6507,22,,,0,35,,6519,22,,,0,75,,6508,22,,,0,35,,6520,22,,,0,75,,6509,22,,,0,75,,6521,22,,,0,35,,6510,22,,,0,75,,6522,22,,,0,35,,6511,22,,,0,75,,6523,22,,,0,75,,6512,22,,,0,35,,6524,22,,,0,70,,6513,22,,,0,105,,6525,22,,,0,105,,6526,22,,,0,100,,6527,22,,,0,100,,6528,22,,,0
1600,'1',855,,6529,1,,,0,145,,6530,1,,,0,105,,6531,1,,,0,105,,6532,1,,,0,105,,6533,1,,,0,105,,6534,1,,,0,105,,6535,1,,,0,105,,6536,1,,,0,105,,6537,1,,,0,105,,6538,1,,,0,105,,6539,1,,,0,100,,6540,1,,,0,100,,6541,1,,,0,100,,6542,1,,,0
1600,'2',1000,,6550,1,,,0,105,,6543,1,,,0,105,,6544,1,,,0,105,,6545,1,,,0,105,,6546,1,,,0,105,,6547,1,,,0,105,,6548,1,,,0,105,,6549,1,,,0
1600,'5',715,,6551,1,,,0,105,,6552,1,,,0,35,,6565,1,,,0,70,,6553,1,,,0,30,,6566,1,,,0,75,,6554,1,,,0,70,,6567,1,,,0,35,,6555,1,,,0,75,,6568,1,,,0,35,,6556,1,,,0,75,,6569,1,,,0,35,,6557,1,,,0,75,,6570,1,,,0,75,,6558,1,,,0,35,,6571,1,,,0,75,,6559,1,,,0,35,,6572,1,,,0,75,,6560,1,,,0,75,,6573,1,,,0,30,,6561,1,,,0,105,,6562,1,,,0,105,,6563,1,,,0,105,,6564,1,,,0
1601,'1',855,,6574,25,4,,0,145,,6575,25,4,,0,105,,6576,25,4,,0,105,,6577,25,4,,0,105,,6578,25,4,,0,105,,6579,25,4,,0,105,,6580,25,4,,0,105,,6581,25,4,,0,105,,6582,25,4,,0,105,,6583,25,4,,0,105,,6584,25,4,,0,100,,6585,25,4,,0,100,,6586,25,4,,0,100,,6587,25,4,,0
1601,'2',1000,,6588,25,4,,0,105,,6589,25,4,,0,105,,6590,25,4,,0,105,,6591,25,4,,0,105,,6592,25,4,,0,105,,6593,25,4,,0,105,,6594,25,4,,0,105,,6595,25,4,,0
1601,'5',715,,6596,25,4,,0,105,,6597,25,4,,0,105,,6598,25,4,,0,30,,6611,25,4,,0,75,,6599,25,4,,0,70,,6612,25,4,,0,35,,6600,25,4,,0,75,,6613,25,4,,0,35,,6601,25,4,,0,75,,6614,25,4,,0,35,,6602,25,4,,0,75,,6615,25,4,,0,75,,6603,25,4,,0,35,,6616,25,4,,0,75,,6604,25,4,,0,35,,6617,25,4,,0,75,,6605,25,4,,0,75,,6618,25,4,,0,30,,6606,25,4,,0,105,,6607,25,4,,0,105,,6608,25,4,,0,105,,6609,25,4,,0,100,,6610,25,4,,0
2300,'1',952,,7018,3,,,0,105,,7019,3,,,0,145,,7020,3,,,0,105,,7021,3,,,0,105,,7022,3,,,0,105,,7023,3,,,0,105,,7024,3,,,0,105,,7025,3,,,0
2300,'2',952,,7026,3,,,0,105,,7027,3,,,0,145,,7028,3,,,0,105,,7029,3,,,0,105,,7030,3,,,0,105,,7031,3,,,0,105,,7032,3,,,0
2300,'5',640,,7048,3,,,0,70,,7033,3,,,0,35,,7049,3,,,0,70,,7034,3,,,0,35,,7050,3,,,0,70,,7035,3,,,0,35,,7051,3,,,0,70,,7036,3,,,0,75,,7052,3,,,0,30,,7037,3,,,0,75,,7053,3,,,0,35,,7038,3,,,0,75,,7054,3,,,0,35,,7039,3,,,0,75,,7055,3,,,0,75,,7040,3,,,0,35,,7056,3,,,0,75,,7041,3,,,0,35,,7057,3,,,0,75,,7042,3,,,0,102,,7043,3,,,0,105,,7044,3,,,0,105,,7045,3,,,0,103,,7046,3,,,0,100,,7047,3,,,0
2301,'1',1037,,7058,26,,,0,105,,7059,26,,,0,105,,7060,26,,,0,105,,7061,26,,,0,105,,7062,26,,,0,145,,7063,26,,,0,105,,7064,26,,,0,105,,7065,26,,,0
2301,'2',1037,,7066,26,,,0,105,,7067,26,,,0,105,,7068,26,,,0,105,,7069,26,,,0,105,,7070,26,,,0,145,,7071,26,,,0,105,,7072,26,,,0
2301,'5',650,,7073,18,,,0,75,,7089,18,,,0,30,,7074,18,,,0,75,,7090,18,,,0,70,,7075,18,,,0,35,,7091,18,,,0,70,,7076,18,,,0,35,,7092,18,,,0,70,,7077,18,,,0,35,,7093,18,,,0,70,,7078,18,,,0,35,,7094,18,,,0,75,,7079,18,,,0,75,,7095,18,,,0,35,,7080,18,,,0,75,,7096,18,,,0,35,,7081,18,,,0,75,,7097,18,,,0,35,,7082,18,,,0,75,,7098,18,,,0,75,,7083,18,,,0,102,,7084,26,,,0,105,,7085,26,,,0,105,,7086,26,,,0,103,,7087,26,,,0,100,,7088,26,,,0
2400,'5',800,,7099,11,4,,0
2600,'5',755,,7101,27,4,,0,55,,7102,27,4,,0,45,,7100,27,4,,0
2900,'1',1045,,7103,20,,,0,105,,7104,20,,,0,105,,7105,20,,,0,145,,7106,20,,,0,105,,7107,20,,,0,105,,7108,20,,,0
2900,'2',1045,,7109,20,,,0,105,,7110,20,,,0,105,,7111,20,,,0,145,,7112,20,,,0,105,,7113,20,,,0,105,,7114,20,,,0
2900,'5',835,,7116,20,,,0,105,,7115,20,,,0,105,,7117,20,,,0,105,,7118,20,,,0,105,,7119,20,,,0,145,,7120,20,,,0,105,,7121,20,,,0,105,,7122,20,,,0,105,,7123,20,,,0,105,,7124,20,,,0,105,,7125,20,,,0
2901,'1',1110,,7126,9,,,0,105,,7127,9,,,0,105,,7128,9,,,0,105,,7129,9,,,0,105,,7130,9,,,0,105,,7131,9,,,0
2901,'2',1110,,7132,9,,,0,105,,7133,9,,,0,105,,7134,9,,,0,105,,7135,9,,,0,105,,7136,9,,,0,105,,7137,9,,,0
2901,'5',900,,7138,9,,,0,105,,7139,9,,,0,105,,7140,9,,,0,105,,7141,9,,,0,105,,7142,9,,,0,105,,7143,9,,,0,105,,7144,9,,,0,105,,7145,9,,,0,105,,7146,9,,,0,105,,7147,9,,,0,105,,7148,9,,,0
