201,'1',736,,5601,2,,,0,105,,5593,2,,,0,70,,5614,2,,,0,35,,5602,2,,,0,70,,5609,2,,,0,35,,5594,2,,,0,70,,5615,2,,,0,35,,5603,2,,,0,70,,5610,2,,,0,75,,5595,2,,,0,30,,5616,2,,,0,75,,5604,2,,,0,30,,5611,2,,,0,75,,5596,2,,,0,30,,5617,2,,,0,75,,5605,2,,,0,30,,5612,2,,,0,75,,5597,2,,,0,30,,5618,2,,,0,75,,5606,2,,,0,30,,5613,2,,,0,75,,5598,2,,,0,70,,5619,2,,,0,30,,5607,2,,,0,70,,5620,2,,,0,30,,5599,2,,,0,70,,5621,2,,,0,30,,5608,2,,,0,100,,5600,2,,,0
201,'2',841,,5622,2,,,0,105,,5628,2,,,0,70,,5633,2,,,0,35,,5623,2,,,0,70,,5637,2,,,0,35,,5629,2,,,0,70,,5634,2,,,0,75,,5624,2,,,0,30,,5638,2,,,0,75,,5630,2,,,0,30,,5635,2,,,0,75,,5625,2,,,0,30,,5639,2,,,0,75,,5631,2,,,0,30,,5636,2,,,0,75,,5626,2,,,0,30,,5641,2,,,0,75,,5632,2,,,0,30,,5640,2,,,0,75,,5627,2,,,0
201,'5',631,,5658,2,,,0,70,,5642,2,,,0,35,,5666,2,,,0,70,,5650,2,,,0,15,,5675,2,,,0,20,,5659,2,,,0,70,,5643,2,,,0,35,,5667,2,,,0,70,,5651,2,,,0,35,,5660,2,,,0,70,,5644,2,,,0,35,,5668,2,,,0,75,,5652,2,,,0,75,,5661,2,,,0,35,,5645,2,,,0,75,,5669,2,,,0,35,,5653,2,,,0,55,,5674,2,,,0,20,,5662,2,,,0,20,,5677,2,,,0,55,,5646,2,,,0,15,,5673,2,,,0,20,,5670,2,,,0,20,,5676,2,,,0,55,,5654,2,,,0,15,,5678,2,,,0,20,,5664,2,,,0,70,,5647,2,,,0,35,,5671,2,,,0,70,,5655,2,,,0,35,,5663,2,,,0,70,,5648,2,,,0,75,,5672,2,,,0,30,,5656,2,,,0,70,,5665,2,,,0,30,,5649,2,,,0,100,,5657,2,,,0
1600,'1',910,,6529,10,,,0,105,,6530,10,,,0,105,,6531,10,,,0,105,,6532,10,,,0,105,,6533,10,,,0,105,,6534,10,,,0,105,,6535,10,,,0,105,,6536,10,,,0,105,,6537,10,,,0,105,,6538,10,,,0,145,,6539,10,,,0,100,,6540,10,,,0,100,,6541,10,,,0,100,,6542,10,,,0
1600,'2',1015,,6550,10,,,0,105,,6543,10,,,0,105,,6544,10,,,0,105,,6545,10,,,0,105,,6546,10,,,0,105,,6547,10,,,0,105,,6548,10,,,0,105,,6549,10,,,0
1600,'5',735,,6551,10,,,0,105,,6552,10,,,0,70,,6565,10,,,0,35,,6553,10,,,0,70,,6566,10,,,0,35,,6554,10,,,0,70,,6567,10,,,0,35,,6555,10,,,0,75,,6568,10,,,0,75,,6556,10,,,0,35,,6569,10,,,0,75,,6557,10,,,0,35,,6570,10,,,0,75,,6558,10,,,0,75,,6571,10,,,0,35,,6559,10,,,0,75,,6572,10,,,0,35,,6560,10,,,0,70,,6573,10,,,0,35,,6561,10,,,0,105,,6562,10,,,0,145,,6563,10,,,0,100,,6564,10,,,0
1601,'1',840,,6574,18,,,0,105,,6575,18,,,0,105,,6576,18,,,0,105,,6577,18,,,0,145,,6578,18,,,0,105,,6579,18,,,0,105,,6580,18,,,0,105,,6581,18,,,0,105,,6582,18,,,0,105,,6583,18,,,0,105,,6584,18,,,0,100,,6585,18,,,0,100,,6586,18,,,0,100,,6587,18,,,0
1601,'2',945,,6588,18,,,0,105,,6589,18,,,0,105,,6590,18,,,0,145,,6591,18,,,0,105,,6592,18,,,0,105,,6593,18,,,0,105,,6594,18,,,0,105,,6595,18,,,0
1601,'5',700,,6596,18,,,0,105,,6597,18,,,0,105,,6598,18,,,0,30,,6611,18,,,0,75,,6599,18,,,0,30,,6612,18,,,0,75,,6600,18,,,0,35,,6613,18,,,0,75,,6601,18,,,0,75,,6614,18,,,0,35,,6602,18,,,0,75,,6615,18,,,0,35,,6603,18,,,0,75,,6616,18,,,0,75,,6604,18,,,0,35,,6617,18,,,0,75,,6605,18,,,0,35,,6618,18,,,0,70,,6606,18,,,0,105,,6607,18,,,0,105,,6608,18,,,0,105,,6609,18,,,0,100,,6610,18,,,0
3001,'1',840,,7167,2,,,0,105,,7168,2,,,0,105,,7169,2,,,0,105,,7170,2,,,0,145,,7171,2,,,0,105,,7172,2,,,0,105,,7173,2,,,0,105,,7174,2,,,0
3001,'5',640,,7179,2,,,0,95,,7175,2,,,0,105,,7181,2,,,0,105,,7182,2,,,0,105,,7183,2,,,0,105,,7184,2,,,0,85,,7186,2,,,0,100,,7185,2,,,0,110,,7176,2,,,0,150,,7177,2,,,0,110,,7178,2,,,0,105,,7180,2,,,0
