900,'5',645,,5927,9,,,0,75,,5917,9,,,0,30,,5928,9,,,0,75,,5918,9,,,0,30,,5929,9,,,0,75,,5919,9,,,0,70,,5930,9,,,0,35,,5920,9,,,0,70,,5931,9,,,0,35,,5921,9,,,0,70,,5932,9,,,0,40,,5922,9,,,0,70,,5933,9,,,0,80,,5923,9,,,0,30,,5934,9,,,0,80,,5924,9,,,0,30,,5935,9,,,0,80,,5925,9,,,0,30,,5936,9,,,0,80,,5926,9,,,0
901,'5',701,,5937,33,,,0,30,,5948,33,,,0,75,,5938,33,,,0,30,,5949,33,,,0,75,,5939,33,,,0,30,,5950,33,,,0,75,,5940,33,,,0,30,,5951,33,,,0,75,,5941,33,,,0,30,,5952,33,,,0,75,,5942,33,,,0,30,,5953,33,,,0,80,,5943,33,,,0,70,,5954,33,,,0,40,,5944,33,,,0,70,,5955,33,,,0,40,,5945,33,,,0,70,,5956,33,,,0,80,,5946,33,,,0,30,,5957,33,,,0,80,,5947,33,,,0
1401,'1',806,,6384,24,,,0,105,,6385,24,,,0,105,,6386,24,,,0,105,,6387,24,,,0,105,,6388,24,,,0,105,,6389,24,,,0,105,,6390,24,,,0,105,,6391,24,,,0,105,,6392,24,,,0,105,,6393,24,,,0
1401,'2',1016,,6394,24,,,0,105,,6395,24,,,0,105,,6396,24,,,0,105,,6397,24,,,0,105,,6398,24,,,0,105,,6399,24,,,0,105,,6400,24,,,0
1401,'5',701,,6401,24,,,0,35,,6416,24,,,0,70,,6402,24,,,0,35,,6417,24,,,0,70,,6403,24,,,0,35,,6418,24,,,0,70,,6404,24,,,0,35,,6422,24,,,0,70,,6405,24,,,0,35,,6423,24,,,0,70,,6406,24,,,0,75,,6424,24,,,0,35,,6407,24,,,0,75,,6425,24,,,0,35,,6408,24,,,0,75,,6419,24,,,0,35,,6409,24,,,0,75,,6420,24,,,0,75,,6410,24,,,0,35,,6421,24,,,0,75,,6411,24,,,0,105,,6412,24,,,0,105,,6413,24,,,0,101,,6414,24,,,0,100,,6415,24,,,0
2300,'1',958,,7018,11,,,0,145,,7019,11,,,0,105,,7020,11,,,0,105,,7021,11,,,0,105,,7022,11,,,0,105,,7023,11,,,0,105,,7024,11,,,0,105,,7025,11,,,0
2300,'2',958,,7026,11,,,0,145,,7027,11,,,0,105,,7028,11,,,0,105,,7029,11,,,0,105,,7030,11,,,0,105,,7031,11,,,0,105,,7032,11,,,0
2300,'5',1828,,7043,11,,,0,105,,7044,11,,,0,105,,7045,11,,,0,103,,7046,11,,,0,100,,7047,11,,,0
2301,'1',1028,,7058,18,,,0,105,,7059,18,,,0,105,,7060,18,,,0,105,,7061,18,,,0,105,,7062,18,,,0,105,,7063,18,,,0,105,,7064,18,,,0,145,,7065,18,,,0
2301,'2',1028,,7066,18,,,0,105,,7067,18,,,0,105,,7068,18,,,0,105,,7069,18,,,0,105,,7070,18,,,0,105,,7071,18,,,0,105,,7072,18,,,0
2301,'5',1858,,7084,18,,,0,145,,7085,18,,,0,105,,7086,18,,,0,103,,7087,18,,,0,100,,7088,18,,,0
