200,'1',755,,5506,23,,,0,145,,5514,23,,,0,30,,5522,23,,,0,75,,5507,23,,,0,30,,5528,23,,,0,75,,5515,23,,,0,30,,5523,23,,,0,75,,5508,23,,,0,30,,5529,23,,,0,75,,5516,23,,,0,30,,5524,23,,,0,75,,5509,23,,,0,30,,5530,23,,,0,75,,5517,23,,,0,70,,5525,23,,,0,35,,5510,23,,,0,70,,5531,23,,,0,35,,5518,23,,,0,70,,5526,23,,,0,35,,5511,23,,,0,70,,5532,23,,,0,33,,5519,23,,,0,70,,5527,23,,,0,30,,5512,23,,,0,70,,5534,23,,,0,30,,5520,23,,,0,70,,5533,23,,,0,30,,5513,23,,,0,100,,5521,23,,,0
200,'2',900,,5540,23,,,0,105,,5535,23,,,0,30,,5549,23,,,0,75,,5541,23,,,0,30,,5546,23,,,0,75,,5536,23,,,0,30,,5550,23,,,0,75,,5542,23,,,0,30,,5547,23,,,0,75,,5537,23,,,0,30,,5551,23,,,0,75,,5543,23,,,0,70,,5548,23,,,0,35,,5538,23,,,0,70,,5552,23,,,0,35,,5544,23,,,0,70,,5553,23,,,0,35,,5539,23,,,0,70,,5554,23,,,0,33,,5545,23,,,0
200,'5',650,,5578,23,,,0,70,,5563,23,,,0,35,,5571,23,,,0,55,,5588,23,,,0,15,,5555,23,,,0,15,,5589,23,,,0,60,,5579,23,,,0,30,,5564,23,,,0,75,,5572,23,,,0,30,,5556,23,,,0,75,,5580,23,,,0,30,,5565,23,,,0,75,,5573,23,,,0,35,,5557,23,,,0,75,,5581,23,,,0,75,,5566,23,,,0,35,,5574,23,,,0,75,,5558,23,,,0,15,,5586,23,,,0,20,,5582,23,,,0,60,,5590,23,,,0,15,,5567,23,,,0,15,,5587,23,,,0,20,,5575,23,,,0,60,,5591,23,,,0,15,,5559,23,,,0,15,,5592,23,,,0,60,,5583,23,,,0,30,,5568,23,,,0,75,,5576,23,,,0,30,,5560,23,,,0,75,,5584,23,,,0,30,,5569,23,,,0,73,,5577,23,,,0,30,,5561,23,,,0,70,,5585,23,,,0,30,,5570,23,,,0,100,,5562,23,,,0
1000,'1',625,,5984,2,,,0,105,,5958,36,,,0,70,,5977,36,,,0,105,,5959,36,,,0,30,,5978,36,,,0,20,,5989,2,,,0,85,,5960,36,,,0,75,,5979,36,,,0,15,,5988,36,,,0,15,,5969,36,,,0,75,,5961,36,,,0,30,,5980,36,,,0,55,,5985,36,,,0,20,,5970,36,,,0,30,,5962,36,,,0,75,,5981,36,,,0,15,,5986,36,,,0,55,,5971,36,,,0,35,,5963,36,,,0,70,,5982,36,,,0,20,,5987,36,,,0,15,,5972,36,,,0,70,,5964,36,,,0,35,,5983,36,,,0,70,,5973,36,,,0,35,,5965,36,,,0,70,,5990,36,,,0,35,,5974,36,,,0,70,,5966,36,,,0,30,,5991,36,,,0,70,,5975,36,,,0,30,,5967,36,,,0,70,,5992,36,,,0,30,,5976,36,,,0,70,,5968,36,,,0
1000,'2',835,,6009,2,,,0,70,,5994,36,,,0,30,,6010,2,,,0,75,,6008,36,,,0,30,,5995,36,,,0,75,,6011,36,,,0,30,,6002,36,,,0,75,,5996,36,,,0,30,,6012,36,,,0,75,,6003,36,,,0,30,,5997,36,,,0,75,,6013,36,,,0,70,,6004,36,,,0,35,,5998,36,,,0,70,,6014,36,,,0,35,,6005,36,,,0,70,,5999,36,,,0,35,,6015,36,,,0,70,,6006,36,,,0,35,,6000,36,,,0,105,,6007,36,,,0,70,,6001,36,,,0
1000,'5',620,,6026,2,,,0,35,,6038,36,,,0,70,,6016,36,,,0,75,,6028,36,,,0,15,,6049,36,,,0,15,,6039,36,,,0,15,,6050,36,,,0,60,,6017,36,,,0,30,,6029,36,,,0,15,,6057,36,,,0,60,,6040,36,,,0,30,,6018,36,,,0,75,,6030,36,,,0,15,,6058,36,,,0,15,,6041,36,,,0,75,,6019,36,,,0,35,,6031,36,,,0,55,,6059,36,,,0,25,,6042,36,,,0,70,,6020,36,,,0,35,,6032,36,,,0,15,,6060,36,,,0,65,,6043,36,,,0,10,,6052,36,,,0,20,,6027,36,,,0,60,,6046,36,,,0,15,,6033,36,,,0,20,,6051,36,,,0,60,,6044,36,,,0,10,,6053,36,,,0,20,,6021,36,,,0,20,,6047,36,,,0,55,,6034,36,,,0,20,,6056,36,,,0,70,,6054,36,,,0,15,,6022,36,,,0,15,,6048,36,,,0,15,,6035,36,,,0,105,,6023,36,,,0,75,,6036,36,,,0,100,,6024,36,,,0,30,,6037,36,,,0,100,,6025,36,,,0
1500,'1',900,,6426,21,,,0,105,,6427,21,,,0,105,,6428,21,,,0,105,,6429,21,,,0,105,,6430,21,,,0,105,,6431,21,,,0,105,,6432,21,,,0,105,,6433,21,,,0,105,,6434,21,,,0,105,,6435,21,,,0,105,,6436,21,,,0,100,,6437,21,,,0,100,,6438,21,,,0,100,,6439,21,,,0
1500,'2',900,,6440,21,,,0,105,,6441,21,,,0,105,,6442,21,,,0,105,,6443,21,,,0,105,,6444,21,,,0,105,,6445,21,,,0,105,,6446,21,,,0,105,,6447,21,,,0,105,,6448,21,,,0,105,,6449,21,,,0,105,,6450,21,,,0
1500,'5',650,,6462,21,,,0,70,,6451,21,,,0,35,,6463,21,,,0,70,,6452,21,,,0,75,,6464,21,,,0,30,,6453,21,,,0,75,,6465,21,,,0,30,,6454,21,,,0,75,,6466,21,,,0,30,,6455,21,,,0,75,,6467,21,,,0,35,,6456,21,,,0,75,,6468,21,,,0,75,,6457,21,,,0,35,,6469,21,,,0,75,,6458,21,,,0,35,,6470,21,,,0,75,,6459,21,,,0,35,,6471,21,,,0,75,,6460,21,,,0,75,,6472,21,,,0,30,,6461,21,,,0,105,,6473,21,,,0,105,,6474,21,,,0,105,,6475,21,,,0,100,,6476,21,,,0
2901,'1',1123,,7126,23,,,0,105,,7127,23,,,0,105,,7128,23,,,0,105,,7129,23,,,0,105,,7130,23,,,0,105,,7131,23,,,0
2901,'2',1123,,7132,23,,,0,105,,7133,23,,,0,105,,7134,23,,,0,105,,7135,23,,,0,105,,7136,23,,,0,105,,7137,23,,,0
2901,'5',913,,7138,23,,,0,105,,7139,23,,,0,105,,7140,23,,,0,105,,7141,23,,,0,105,,7142,23,,,0,105,,7143,23,,,0,105,,7144,23,,,0,105,,7145,23,,,0,105,,7146,23,,,0,105,,7147,23,,,0,145,,7148,23,,,0
