301,'1',855,,5775,32,,,0,75,,5765,32,,,0,70,,5785,32,,,0,35,,5776,32,,,0,70,,5766,32,,,0,35,,5786,32,,,0,70,,5777,32,,,0,35,,5767,32,,,0,70,,5787,32,,,0,35,,5778,32,,,0,70,,5768,32,,,0,35,,5788,32,,,0,70,,5779,32,,,0,75,,5769,32,,,0,30,,5789,32,,,0,75,,5780,32,,,0,27,,5770,32,,,0,75,,5790,32,,,0,30,,5781,32,,,0,75,,5771,32,,,0,30,,5791,32,,,0,70,,5782,32,,,0,30,,5772,32,,,0,70,,5792,32,,,0,30,,5783,32,,,0,70,,5773,32,,,0,30,,5793,32,,,0,70,,5784,32,,,0,30,,5774,32,,,0
301,'2',852,,5794,32,,,0,105,,5802,32,,,0,75,,5795,32,,,0,70,,5810,32,,,0,35,,5803,32,,,0,70,,5796,32,,,0,35,,5811,32,,,0,70,,5804,32,,,0,35,,5797,32,,,0,70,,5812,32,,,0,35,,5805,32,,,0,70,,5798,32,,,0,35,,5813,32,,,0,70,,5806,32,,,0,75,,5799,32,,,0,30,,5814,32,,,0,75,,5807,32,,,0,30,,5800,32,,,0,70,,5815,32,,,0,35,,5808,32,,,0,70,,5801,32,,,0
301,'5',720,,5816,32,,,0,30,,5824,32,,,0,75,,5835,32,,,0,20,,5847,32,,,0,10,,5817,32,,,0,55,,5846,32,,,0,20,,5825,32,,,0,15,,5848,32,,,0,55,,5836,32,,,0,35,,5818,32,,,0,70,,5826,32,,,0,35,,5837,32,,,0,70,,5819,32,,,0,35,,5827,32,,,0,75,,5838,32,,,0,35,,5820,32,,,0,75,,5828,32,,,0,75,,5839,32,,,0,35,,5821,32,,,0,75,,5829,32,,,0,35,,5840,32,,,0,60,,5849,32,,,0,15,,5822,32,,,0,10,,5851,32,,,0,65,,5830,32,,,0,20,,5852,32,,,0,12,,5841,32,,,0,10,,5850,32,,,0,60,,5823,32,,,0,35,,5831,32,,,0,70,,5842,32,,,0,105,,5832,32,,,0,30,,5843,32,,,0,100,,5833,32,,,0,70,,5844,32,,,0,100,,5834,32,,,0
1000,'1',635,,5984,8,4,,0,105,,5958,42,4,,0,70,,5977,42,4,,0,105,,5959,42,4,,0,30,,5978,42,4,,0,60,,5989,8,4,,0,45,,5960,42,4,,0,75,,5979,42,4,,0,15,,5988,42,4,,0,15,,5969,42,4,,0,75,,5961,42,4,,0,70,,5980,42,4,,0,15,,5985,42,4,,0,20,,5970,42,4,,0,70,,5962,42,4,,0,35,,5981,42,4,,0,15,,5986,42,4,,0,55,,5971,42,4,,0,35,,5963,42,4,,0,70,,5982,42,4,,0,20,,5987,42,4,,0,15,,5972,42,4,,0,70,,5964,42,4,,0,35,,5983,42,4,,0,70,,5973,42,4,,0,75,,5965,42,4,,0,30,,5990,42,4,,0,75,,5974,42,4,,0,30,,5966,42,4,,0,70,,5991,42,4,,0,30,,5975,42,4,,0,70,,5967,42,4,,0,30,,5992,42,4,,0,70,,5976,42,4,,0,30,,5968,42,4,,0
1000,'2',845,,6009,8,4,,0,70,,5994,42,4,,0,30,,6010,8,4,,0,75,,6008,42,4,,0,30,,5995,42,4,,0,75,,6011,42,4,,0,30,,6002,42,4,,0,75,,5996,42,4,,0,70,,6012,42,4,,0,35,,6003,42,4,,0,70,,5997,42,4,,0,35,,6013,42,4,,0,70,,6004,42,4,,0,35,,5998,42,4,,0,70,,6014,42,4,,0,35,,6005,42,4,,0,70,,5999,42,4,,0,35,,6015,42,4,,0,70,,6006,42,4,,0,75,,6000,42,4,,0,105,,6007,42,4,,0,30,,6001,42,4,,0
1000,'5',630,,6026,8,4,,0,75,,6038,42,4,,0,30,,6016,42,4,,0,75,,6028,42,4,,0,15,,6049,42,4,,0,15,,6039,42,4,,0,15,,6050,42,4,,0,60,,6017,42,4,,0,30,,6029,42,4,,0,55,,6057,42,4,,0,20,,6040,42,4,,0,30,,6018,42,4,,0,75,,6030,42,4,,0,15,,6058,42,4,,0,15,,6041,42,4,,0,75,,6019,42,4,,0,75,,6031,42,4,,0,15,,6059,42,4,,0,25,,6042,42,4,,0,70,,6020,42,4,,0,35,,6032,42,4,,0,55,,6060,42,4,,0,25,,6043,42,4,,0,10,,6052,42,4,,0,60,,6027,42,4,,0,20,,6046,42,4,,0,15,,6033,42,4,,0,20,,6051,42,4,,0,60,,6044,42,4,,0,10,,6053,42,4,,0,20,,6021,42,4,,0,60,,6047,42,4,,0,15,,6034,42,4,,0,20,,6056,42,4,,0,70,,6054,42,4,,0,15,,6022,42,4,,0,15,,6048,42,4,,0,15,,6035,42,4,,0,145,,6023,42,4,,0,35,,6036,42,4,,0,100,,6024,42,4,,0,70,,6037,42,4,,0,100,,6025,42,4,,0
1001,'1',635,,6087,1,,,0,105,,6061,1,,,0,70,,6080,1,,,0,105,,6062,1,,,0,30,,6081,1,,,0,60,,6092,1,,,0,45,,6063,1,,,0,75,,6082,1,,,0,15,,6091,1,,,0,15,,6072,1,,,0,75,,6064,1,,,0,70,,6083,1,,,0,15,,6088,1,,,0,20,,6073,1,,,0,70,,6065,1,,,0,35,,6084,1,,,0,15,,6089,1,,,0,55,,6074,1,,,0,35,,6066,1,,,0,70,,6085,1,,,0,20,,6090,1,,,0,15,,6075,1,,,0,70,,6067,1,,,0,35,,6086,1,,,0,70,,6076,1,,,0,75,,6068,1,,,0,30,,6093,1,,,0,75,,6077,1,,,0,30,,6069,1,,,0,70,,6094,1,,,0,30,,6078,1,,,0,70,,6070,1,,,0,30,,6095,1,,,0,70,,6079,1,,,0,30,,6071,1,,,0
1001,'2',845,,6111,1,,,0,70,,6096,1,,,0,30,,6112,1,,,0,75,,6109,1,,,0,30,,6097,1,,,0,75,,6113,1,,,0,30,,6103,1,,,0,75,,6098,1,,,0,70,,6114,1,,,0,35,,6104,1,,,0,70,,6099,1,,,0,35,,6115,1,,,0,70,,6105,1,,,0,35,,6100,1,,,0,70,,6116,1,,,0,35,,6106,1,,,0,70,,6101,1,,,0,35,,6117,1,,,0,70,,6107,1,,,0,75,,6102,1,,,0,105,,6108,1,,,0,30,,6110,1,,,0
1001,'5',630,,6129,1,,,0,75,,6140,1,,,0,30,,6118,1,,,0,75,,6130,1,,,0,15,,6150,1,,,0,15,,6141,1,,,0,15,,6151,1,,,0,60,,6119,1,,,0,30,,6131,1,,,0,55,,6158,1,,,0,20,,6142,1,,,0,30,,6120,1,,,0,75,,6132,1,,,0,15,,6159,1,,,0,15,,6143,1,,,0,75,,6121,1,,,0,75,,6133,1,,,0,15,,6160,1,,,0,25,,6144,1,,,0,70,,6122,1,,,0,35,,6134,1,,,0,60,,6152,1,,,0,20,,6145,1,,,0,15,,6154,1,,,0,55,,6123,1,,,0,20,,6147,1,,,0,15,,6135,1,,,0,20,,6153,1,,,0,60,,6146,1,,,0,10,,6155,1,,,0,20,,6124,1,,,0,60,,6148,1,,,0,15,,6136,1,,,0,20,,6157,1,,,0,70,,6156,1,,,0,15,,6125,1,,,0,15,,6149,1,,,0,15,,6137,1,,,0,145,,6126,1,,,0,35,,6138,1,,,0,100,,6127,1,,,0,70,,6139,1,,,0,100,,6128,1,,,0
1100,'1',1006,,6161,21,,,0,105,,6162,21,,,0,105,,6163,21,,,0,105,,6164,21,,,0,105,,6165,21,,,0,105,,6166,21,,,0,105,,6167,21,,,0,105,,6168,21,,,0
1100,'5',721,,6179,21,,,0,35,,6169,21,,,0,70,,6180,21,,,0,75,,6170,21,,,0,30,,6181,21,,,0,75,,6171,21,,,0,30,,6182,21,,,0,75,,6172,21,,,0,30,,6183,21,,,0,75,,6173,21,,,0,35,,6184,21,,,0,75,,6174,21,,,0,75,,6185,21,,,0,35,,6175,21,,,0,75,,6186,21,,,0,35,,6176,21,,,0,75,,6187,21,,,0,35,,6177,21,,,0,75,,6188,21,,,0,75,,6178,21,,,0
1101,'1',923,,6189,12,,,0,105,,6190,12,,,0,105,,6191,12,,,0,105,,6192,12,,,0,105,,6193,12,,,0,105,,6194,12,,,0,105,,6195,12,,,0,105,,6196,12,,,0,145,,6197,12,,,0
1101,'5',713,,6198,12,,,0,30,,6209,12,,,0,75,,6199,12,,,0,30,,6210,12,,,0,75,,6200,12,,,0,30,,6211,12,,,0,75,,6201,12,,,0,30,,6212,12,,,0,75,,6202,12,,,0,70,,6213,12,,,0,35,,6203,12,,,0,75,,6214,12,,,0,35,,6204,12,,,0,75,,6215,12,,,0,35,,6205,12,,,0,75,,6216,12,,,0,75,,6206,12,,,0,35,,6217,12,,,0,75,,6207,12,,,0,35,,6218,12,,,0,75,,6208,12,,,0
