1001,'1',652,,6087,19,,,0,150,,6061,19,,,0,30,,6080,19,,,0,105,,6062,19,,,0,70,,6081,19,,,0,20,,6092,19,,,0,85,,6063,19,,,0,35,,6082,19,,,0,55,,6091,19,,,0,15,,6072,19,,,0,35,,6064,19,,,0,70,,6083,19,,,0,15,,6088,19,,,0,20,,6073,19,,,0,70,,6065,19,,,0,75,,6084,19,,,0,15,,6089,19,,,0,15,,6074,19,,,0,75,,6066,19,,,0,30,,6085,19,,,0,20,,6090,19,,,0,55,,6075,19,,,0,30,,6067,19,,,0,75,,6086,19,,,0,30,,6076,19,,,0,75,,6068,19,,,0,30,,6093,19,,,0,70,,6077,19,,,0,30,,6069,19,,,0,70,,6094,19,,,0,30,,6078,19,,,0,70,,6070,19,,,0,30,,6095,19,,,0,75,,6079,19,,,0,25,,6071,19,,,0
1001,'2',907,,6111,19,,,0,30,,6096,19,,,0,70,,6112,19,,,0,35,,6109,19,,,0,70,,6097,19,,,0,35,,6113,19,,,0,70,,6103,19,,,0,35,,6098,19,,,0,70,,6114,19,,,0,35,,6104,19,,,0,70,,6099,19,,,0,75,,6115,19,,,0,30,,6105,19,,,0,75,,6100,19,,,0,30,,6116,19,,,0,75,,6106,19,,,0,30,,6101,19,,,0,75,,6117,19,,,0,30,,6107,19,,,0,75,,6102,19,,,0,100,,6108,19,,,0
1001,'5',652,,6129,19,,,0,75,,6140,19,,,0,30,,6118,19,,,0,75,,6130,19,,,0,15,,6150,19,,,0,55,,6141,19,,,0,15,,6151,19,,,0,20,,6119,19,,,0,70,,6131,19,,,0,15,,6158,19,,,0,20,,6142,19,,,0,70,,6120,19,,,0,35,,6132,19,,,0,55,,6159,19,,,0,17,,6143,19,,,0,35,,6121,19,,,0,75,,6133,19,,,0,15,,6160,19,,,0,63,,6144,19,,,0,32,,6122,19,,,0,75,,6134,19,,,0,20,,6152,19,,,0,18,,6145,19,,,0,55,,6154,19,,,0,17,,6123,19,,,0,20,,6147,19,,,0,15,,6135,19,,,0,60,,6153,19,,,0,18,,6146,19,,,0,10,,6155,19,,,0,60,,6124,19,,,0,20,,6148,19,,,0,15,,6136,19,,,0,60,,6157,19,,,0,30,,6156,19,,,0,15,,6125,19,,,0,55,,6149,19,,,0,15,,6137,19,,,0,105,,6126,19,,,0,30,,6138,19,,,0,100,,6127,19,,,0,70,,6139,19,,,0,100,,6128,19,,,0
1501,'1',933,,6477,24,,,0,105,,6478,24,,,0,105,,6479,24,,,0,105,,6480,24,,,0,105,,6481,24,,,0,105,,6482,24,,,0,145,,6483,24,,,0,105,,6484,24,,,0,105,,6485,24,,,0,105,,6486,24,,,0,100,,6487,24,,,0,100,,6488,24,,,0,100,,6489,24,,,0,100,,6490,24,,,0
1501,'2',933,,6491,24,,,0,105,,6492,24,,,0,105,,6493,24,,,0,105,,6494,24,,,0,105,,6495,24,,,0,105,,6496,24,,,0,145,,6497,24,,,0,105,,6498,24,,,0,105,,6499,24,,,0,105,,6500,24,,,0,100,,6501,24,,,0
1501,'5',648,,6502,24,,,0,75,,6514,24,,,0,30,,6503,24,,,0,75,,6515,24,,,0,30,,6504,24,,,0,75,,6516,24,,,0,70,,6505,24,,,0,35,,6517,24,,,0,70,,6506,24,,,0,35,,6518,24,,,0,70,,6507,24,,,0,35,,6519,24,,,0,75,,6508,24,,,0,35,,6520,24,,,0,75,,6509,24,,,0,75,,6521,24,,,0,35,,6510,24,,,0,75,,6522,24,,,0,35,,6511,24,,,0,75,,6523,24,,,0,75,,6512,24,,,0,35,,6524,24,,,0,70,,6513,24,,,0,105,,6525,24,,,0,105,,6526,24,,,0,100,,6527,24,,,0,100,,6528,24,,,0
1600,'1',856,,6529,3,,,0,145,,6530,3,,,0,105,,6531,3,,,0,105,,6532,3,,,0,105,,6533,3,,,0,105,,6534,3,,,0,105,,6535,3,,,0,105,,6536,3,,,0,105,,6537,3,,,0,105,,6538,3,,,0,105,,6539,3,,,0,100,,6540,3,,,0,100,,6541,3,,,0,100,,6542,3,,,0
1600,'2',1001,,6550,3,,,0,105,,6543,3,,,0,105,,6544,3,,,0,105,,6545,3,,,0,105,,6546,3,,,0,105,,6547,3,,,0,105,,6548,3,,,0,105,,6549,3,,,0
1600,'5',717,,6551,3,,,0,105,,6552,3,,,0,34,,6565,3,,,0,71,,6553,3,,,0,30,,6566,3,,,0,75,,6554,3,,,0,70,,6567,3,,,0,35,,6555,3,,,0,75,,6568,3,,,0,35,,6556,3,,,0,75,,6569,3,,,0,35,,6557,3,,,0,75,,6570,3,,,0,75,,6558,3,,,0,35,,6571,3,,,0,75,,6559,3,,,0,35,,6572,3,,,0,75,,6560,3,,,0,74,,6573,3,,,0,31,,6561,3,,,0,105,,6562,3,,,0,105,,6563,3,,,0,104,,6564,3,,,0
2301,'1',1041,,7058,28,,,0,105,,7059,28,,,0,105,,7060,28,,,0,105,,7061,28,,,0,145,,7062,28,,,0,105,,7063,28,,,0,105,,7064,28,,,0,105,,7065,28,,,0
2301,'2',1041,,7066,28,,,0,105,,7067,28,,,0,105,,7068,28,,,0,105,,7069,28,,,0,145,,7070,28,,,0,105,,7071,28,,,0,105,,7072,28,,,0
2301,'5',653,,7073,20,,,0,75,,7089,20,,,0,30,,7074,20,,,0,75,,7090,20,,,0,70,,7075,20,,,0,35,,7091,20,,,0,70,,7076,20,,,0,35,,7092,20,,,0,70,,7077,20,,,0,35,,7093,20,,,0,70,,7078,20,,,0,35,,7094,20,,,0,75,,7079,20,,,0,75,,7095,20,,,0,35,,7080,20,,,0,75,,7096,20,,,0,35,,7081,20,,,0,75,,7097,20,,,0,35,,7082,20,,,0,75,,7098,20,,,0,75,,7083,20,,,0,103,,7084,28,,,0,105,,7085,28,,,0,105,,7086,28,,,0,102,,7087,28,,,0,100,,7088,28,,,0
