100,'1',737,,5297,3,,,0,105,,5298,3,,,0,70,,5307,3,,,0,35,,5299,3,,,0,70,,5308,3,,,0,35,,5300,3,,,0,70,,5309,3,,,0,35,,5301,3,,,0,70,,5310,3,,,0,75,,5302,3,,,0,30,,5311,3,,,0,75,,5303,3,,,0,30,,5312,3,,,0,75,,5304,3,,,0,30,,5313,3,,,0,75,,5305,3,,,0,30,,5314,3,,,0,75,,5306,3,,,0,30,,5321,3,,,0,75,,5315,3,,,0,30,,5322,3,,,0,75,,5316,3,,,0,70,,5323,3,,,0,30,,5317,3,,,0,70,,5324,3,,,0,30,,5318,3,,,0,70,,5325,3,,,0,30,,5319,3,,,0,70,,5326,3,,,0,30,,5320,3,,,0
100,'2',842,,5327,3,,,0,70,,5338,3,,,0,35,,5328,3,,,0,70,,5339,3,,,0,35,,5329,3,,,0,70,,5340,3,,,0,35,,5330,3,,,0,70,,5341,3,,,0,75,,5331,3,,,0,30,,5342,3,,,0,75,,5332,3,,,0,30,,5343,3,,,0,75,,5333,3,,,0,30,,5344,3,,,0,75,,5334,3,,,0,30,,5345,3,,,0,75,,5335,3,,,0,30,,5346,3,,,0,75,,5336,3,,,0,30,,5347,3,,,0,75,,5337,3,,,0
100,'5',632,,5358,3,,,0,70,,5348,3,,,0,10,,5385,3,,,0,16,,5386,3,,,0,10,,5359,3,,,0,15,,5371,3,,,0,55,,5349,3,,,0,15,,5370,3,,,0,20,,5369,3,,,0,10,,5360,3,,,0,60,,5372,3,,,0,10,,5350,3,,,0,25,,5373,3,,,0,60,,5361,3,,,0,30,,5351,3,,,0,65,,5374,3,,,0,20,,5362,3,,,0,15,,5387,3,,,0,20,,5352,3,,,0,60,,5375,3,,,0,20,,5363,3,,,0,15,,5388,3,,,0,60,,5353,3,,,0,20,,5376,3,,,0,20,,5364,3,,,0,50,,5380,3,,,0,15,,5389,3,,,0,10,,5354,3,,,0,20,,5377,3,,,0,60,,5365,3,,,0,10,,5381,3,,,0,15,,5390,3,,,0,15,,5355,3,,,0,55,,5378,3,,,0,20,,5366,3,,,0,10,,5382,3,,,0,15,,5391,3,,,0,55,,5356,3,,,0,15,,5379,3,,,0,19,,5367,3,,,0,10,,5383,3,,,0,70,,5357,3,,,0,25,,5368,3,,,0,80,,5384,3,,,0,26,,5397,3,,,0,79,,5393,3,,,0,75,,5398,3,,,0,30,,5394,3,,,0,70,,5399,3,,,0,30,,5395,3,,,0,70,,5400,3,,,0,30,,5396,3,,,0
200,'1',737,,5506,3,,,0,105,,5514,3,,,0,70,,5522,3,,,0,35,,5507,3,,,0,70,,5528,3,,,0,35,,5515,3,,,0,70,,5523,3,,,0,35,,5508,3,,,0,70,,5529,3,,,0,75,,5516,3,,,0,30,,5524,3,,,0,75,,5509,3,,,0,30,,5530,3,,,0,75,,5517,3,,,0,30,,5525,3,,,0,75,,5510,3,,,0,30,,5531,3,,,0,75,,5518,3,,,0,30,,5526,3,,,0,75,,5511,3,,,0,30,,5532,3,,,0,75,,5519,3,,,0,70,,5527,3,,,0,30,,5512,3,,,0,70,,5534,3,,,0,30,,5520,3,,,0,70,,5533,3,,,0,30,,5513,3,,,0,100,,5521,3,,,0
200,'2',842,,5540,3,,,0,105,,5535,3,,,0,70,,5549,3,,,0,35,,5541,3,,,0,70,,5546,3,,,0,35,,5536,3,,,0,70,,5550,3,,,0,75,,5542,3,,,0,30,,5547,3,,,0,75,,5537,3,,,0,30,,5551,3,,,0,75,,5543,3,,,0,30,,5548,3,,,0,75,,5538,3,,,0,30,,5552,3,,,0,75,,5544,3,,,0,30,,5553,3,,,0,75,,5539,3,,,0,30,,5554,3,,,0,75,,5545,3,,,0
200,'5',632,,5578,3,,,0,70,,5563,3,,,0,35,,5571,3,,,0,15,,5588,3,,,0,55,,5555,3,,,0,15,,5589,3,,,0,20,,5579,3,,,0,70,,5564,3,,,0,35,,5572,3,,,0,70,,5556,3,,,0,35,,5580,3,,,0,70,,5565,3,,,0,35,,5573,3,,,0,75,,5557,3,,,0,75,,5581,3,,,0,35,,5566,3,,,0,75,,5574,3,,,0,35,,5558,3,,,0,55,,5586,3,,,0,20,,5582,3,,,0,20,,5590,3,,,0,55,,5567,3,,,0,15,,5587,3,,,0,20,,5575,3,,,0,20,,5591,3,,,0,55,,5559,3,,,0,15,,5592,3,,,0,20,,5583,3,,,0,70,,5568,3,,,0,35,,5576,3,,,0,70,,5560,3,,,0,35,,5584,3,,,0,70,,5569,3,,,0,75,,5577,3,,,0,30,,5561,3,,,0,70,,5585,3,,,0,30,,5570,3,,,0,100,,5562,3,,,0
300,'1',737,,5689,4,,,0,75,,5679,4,,,0,30,,5699,4,,,0,70,,5690,4,,,0,35,,5680,4,,,0,70,,5700,4,,,0,35,,5691,4,,,0,70,,5681,4,,,0,35,,5701,4,,,0,70,,5692,4,,,0,75,,5682,4,,,0,30,,5702,4,,,0,75,,5693,4,,,0,30,,5683,4,,,0,75,,5703,4,,,0,30,,5694,4,,,0,75,,5684,4,,,0
300,'5',632,,5736,4,,,0,70,,5747,4,,,0,20,,5764,4,,,0,15,,5729,4,,,0,15,,5758,4,,,0,55,,5737,4,,,0,15,,5759,4,,,0,20,,5748,4,,,0,70,,5730,4,,,0,35,,5738,4,,,0,70,,5749,4,,,0,35,,5731,4,,,0,70,,5739,4,,,0,35,,5750,4,,,0,75,,5732,4,,,0,75,,5740,4,,,0,35,,5751,4,,,0,75,,5733,4,,,0,35,,5741,4,,,0,75,,5752,4,,,0,20,,5760,4,,,0,55,,5734,4,,,0,15,,5762,4,,,0,20,,5742,4,,,0,20,,5763,4,,,0,55,,5753,4,,,0,15,,5761,4,,,0
600,'1',807,,5853,3,,,0,105,,5854,3,,,0,105,,5855,3,,,0,105,,5856,3,,,0,105,,5857,3,,,0,105,,5858,3,,,0,105,,5859,3,,,0,105,,5860,3,,,0,105,,5861,3,,,0,105,,5862,3,,,0,105,,5863,3,,,0
600,'2',912,,5864,3,,,0,105,,5865,3,,,0,105,,5866,3,,,0,105,,5867,3,,,0,105,,5868,3,,,0,105,,5869,3,,,0,105,,5870,3,,,0,105,,5871,3,,,0
600,'5',632,,5872,3,,,0,70,,5873,3,,,0,105,,5874,3,,,0,105,,5875,3,,,0,105,,5876,3,,,0,105,,5877,3,,,0,110,,5878,3,,,0,110,,5879,3,,,0,110,,5880,3,,,0,150,,5881,3,,,0,110,,5882,3,,,0,105,,5883,3,,,0,105,,5884,3,,,0
