100,'1',753,,5297,28,,,0,105,,5298,28,,,0,70,,5307,28,,,0,75,,5299,28,,,0,30,,5308,28,,,0,75,,5300,28,,,0,30,,5309,28,,,0,75,,5301,28,,,0,30,,5310,28,,,0,75,,5302,28,,,0,30,,5311,28,,,0,75,,5303,28,,,0,30,,5312,28,,,0,75,,5304,28,,,0,30,,5313,28,,,0,75,,5305,28,,,0,70,,5314,28,,,0,35,,5306,28,,,0,70,,5321,28,,,0,35,,5315,28,,,0,70,,5322,28,,,0,35,,5316,28,,,0,70,,5323,28,,,0,30,,5317,28,,,0,70,,5324,28,,,0,30,,5318,28,,,0,70,,5325,28,,,0,30,,5319,28,,,0,70,,5326,28,,,0,30,,5320,28,,,0
100,'2',858,,5327,28,,,0,70,,5338,28,,,0,75,,5328,28,,,0,30,,5339,28,,,0,75,,5329,28,,,0,30,,5340,28,,,0,75,,5330,28,,,0,30,,5341,28,,,0,75,,5331,28,,,0,30,,5342,28,,,0,75,,5332,28,,,0,30,,5343,28,,,0,75,,5333,28,,,0,30,,5344,28,,,0,75,,5334,28,,,0,70,,5345,28,,,0,35,,5335,28,,,0,70,,5346,28,,,0,35,,5336,28,,,0,70,,5347,28,,,0,35,,5337,28,,,0
100,'5',648,,5358,28,,,0,70,,5348,28,,,0,10,,5385,28,,,0,20,,5386,28,,,0,10,,5359,28,,,0,55,,5371,28,,,0,15,,5349,28,,,0,15,,5370,28,,,0,60,,5369,28,,,0,10,,5360,28,,,0,20,,5372,28,,,0,10,,5350,28,,,0,65,,5373,28,,,0,20,,5361,28,,,0,30,,5351,28,,,0,65,,5374,28,,,0,20,,5362,28,,,0,15,,5387,28,,,0,60,,5352,28,,,0,20,,5375,28,,,0,20,,5363,28,,,0,55,,5388,28,,,0,20,,5353,28,,,0,20,,5376,28,,,0,60,,5364,28,,,0,10,,5380,28,,,0,15,,5389,28,,,0,10,,5354,28,,,0,60,,5377,28,,,0,20,,5365,28,,,0,10,,5381,28,,,0,15,,5390,28,,,0,55,,5355,28,,,0,15,,5378,28,,,0,20,,5366,28,,,0,10,,5382,28,,,0,55,,5391,28,,,0,15,,5356,28,,,0,15,,5379,28,,,0,15,,5367,28,,,0,50,,5383,28,,,0,30,,5357,28,,,0,25,,5368,28,,,0,80,,5384,28,,,0,70,,5397,28,,,0,35,,5393,28,,,0,71,,5398,28,,,0,30,,5394,28,,,0,70,,5399,28,,,0,30,,5395,28,,,0,70,,5400,28,,,0,30,,5396,28,,,0
1001,'1',649,,6087,16,,,0,109,,6061,16,,,0,70,,6080,16,,,0,105,,6062,16,,,0,70,,6081,16,,,0,20,,6092,16,,,0,85,,6063,16,,,0,35,,6082,16,,,0,15,,6091,16,,,0,55,,6072,16,,,0,35,,6064,16,,,0,70,,6083,16,,,0,15,,6088,16,,,0,20,,6073,16,,,0,70,,6065,16,,,0,35,,6084,16,,,0,55,,6089,16,,,0,15,,6074,16,,,0,75,,6066,16,,,0,30,,6085,16,,,0,20,,6090,16,,,0,55,,6075,16,,,0,30,,6067,16,,,0,75,,6086,16,,,0,30,,6076,16,,,0,75,,6068,16,,,0,30,,6093,16,,,0,71,,6077,16,,,0,30,,6069,16,,,0,70,,6094,16,,,0,30,,6078,16,,,0,70,,6070,16,,,0,30,,6095,16,,,0,74,,6079,16,,,0,26,,6071,16,,,0
1001,'2',903,,6111,16,,,0,30,,6096,16,,,0,70,,6112,16,,,0,35,,6109,16,,,0,70,,6097,16,,,0,35,,6113,16,,,0,70,,6103,16,,,0,35,,6098,16,,,0,70,,6114,16,,,0,35,,6104,16,,,0,70,,6099,16,,,0,35,,6115,16,,,0,70,,6105,16,,,0,75,,6100,16,,,0,30,,6116,16,,,0,75,,6106,16,,,0,30,,6101,16,,,0,75,,6117,16,,,0,30,,6107,16,,,0,75,,6102,16,,,0,101,,6108,16,,,0
1001,'5',648,,6129,16,,,0,75,,6140,16,,,0,30,,6118,16,,,0,75,,6130,16,,,0,15,,6150,16,,,0,15,,6141,16,,,0,55,,6151,16,,,0,20,,6119,16,,,0,70,,6131,16,,,0,15,,6158,16,,,0,20,,6142,16,,,0,70,,6120,16,,,0,35,,6132,16,,,0,15,,6159,16,,,0,55,,6143,16,,,0,35,,6121,16,,,0,75,,6133,16,,,0,15,,6160,16,,,0,65,,6144,16,,,0,30,,6122,16,,,0,75,,6134,16,,,0,20,,6152,16,,,0,20,,6145,16,,,0,55,,6154,16,,,0,15,,6123,16,,,0,20,,6147,16,,,0,15,,6135,16,,,0,60,,6153,16,,,0,20,,6146,16,,,0,10,,6155,16,,,0,60,,6124,16,,,0,20,,6148,16,,,0,15,,6136,16,,,0,20,,6157,16,,,0,70,,6156,16,,,0,15,,6125,16,,,0,15,,6149,16,,,0,55,,6137,16,,,0,105,,6126,16,,,0,31,,6138,16,,,0,100,,6127,16,,,0,70,,6139,16,,,0,100,,6128,16,,,0
1300,'5',753,,6339,7,,,0,70,,6341,7,,,0,35,,6340,7,,,0
1601,'1',853,,6574,24,,,0,105,,6575,24,,,0,145,,6576,24,,,0,105,,6577,24,,,0,105,,6578,24,,,0,105,,6579,24,,,0,105,,6580,24,,,0,105,,6581,24,,,0,105,,6582,24,,,0,105,,6583,24,,,0,105,,6584,24,,,0,100,,6585,24,,,0,100,,6586,24,,,0,100,,6587,24,,,0
1601,'2',958,,6588,24,,,0,145,,6589,24,,,0,105,,6590,24,,,0,105,,6591,24,,,0,105,,6592,24,,,0,105,,6593,24,,,0,105,,6594,24,,,0,105,,6595,24,,,0
1601,'5',713,,6596,24,,,0,105,,6597,24,,,0,105,,6598,24,,,0,30,,6611,24,,,0,75,,6599,24,,,0,30,,6612,24,,,0,75,,6600,24,,,0,75,,6613,24,,,0,35,,6601,24,,,0,75,,6614,24,,,0,35,,6602,24,,,0,75,,6615,24,,,0,75,,6603,24,,,0,35,,6616,24,,,0,75,,6604,24,,,0,35,,6617,24,,,0,75,,6605,24,,,0,35,,6618,24,,,0,70,,6606,24,,,0,105,,6607,24,,,0,105,,6608,24,,,0,105,,6609,24,,,0,100,,6610,24,,,0
2900,'1',1044,,7103,19,,,0,105,,7104,19,,,0,105,,7105,19,,,0,105,,7106,19,,,0,145,,7107,19,,,0,105,,7108,19,,,0
2900,'2',1044,,7109,19,,,0,105,,7110,19,,,0,105,,7111,19,,,0,105,,7112,19,,,0,145,,7113,19,,,0,105,,7114,19,,,0
2900,'5',834,,7116,19,,,0,105,,7115,19,,,0,105,,7117,19,,,0,105,,7118,19,,,0,105,,7119,19,,,0,105,,7120,19,,,0,145,,7121,19,,,0,105,,7122,19,,,0,105,,7123,19,,,0,105,,7124,19,,,0,105,,7125,19,,,0
