300,'1',813,,5689,43,4,,0,35,,5679,43,4,,0,70,,5699,43,4,,0,35,,5690,43,4,,0,70,,5680,43,4,,0,35,,5700,43,4,,0,70,,5691,43,4,,0,75,,5681,43,4,,0,30,,5701,43,4,,0,75,,5692,43,4,,0,30,,5682,43,4,,0,75,,5702,43,4,,0,30,,5693,43,4,,0,75,,5683,43,4,,0,30,,5703,43,4,,0,75,,5694,43,4,,0,30,,5684,43,4,,0,75,,5704,52,4,,0,30,,5695,52,4,,0,75,,5685,52,4,,0,70,,5705,52,4,,0,30,,5696,52,4,,0,77,,5686,52,4,,0,30,,5706,52,4,,0,70,,5697,52,4,,0,30,,5687,52,4,,0,70,,5707,52,4,,0,30,,5698,52,4,,0,70,,5688,52,4,,0
300,'2',918,,5715,52,4,,0,35,,5708,52,4,,0,70,,5723,52,4,,0,35,,5716,52,4,,0,70,,5709,52,4,,0,75,,5724,52,4,,0,30,,5717,52,4,,0,75,,5710,52,4,,0,30,,5725,52,4,,0,75,,5718,52,4,,0,30,,5711,52,4,,0,75,,5726,52,4,,0,30,,5719,52,4,,0,75,,5712,52,4,,0,30,,5727,52,4,,0,75,,5720,52,4,,0,30,,5713,52,4,,0,70,,5728,52,4,,0,75,,5721,52,4,,0,30,,5714,52,4,,0,107,,5722,52,4,,0
300,'5',708,,5736,43,4,,0,35,,5747,43,4,,0,60,,5764,43,4,,0,10,,5729,43,4,,0,20,,5758,43,4,,0,15,,5737,43,4,,0,55,,5759,43,4,,0,15,,5748,43,4,,0,35,,5730,43,4,,0,70,,5738,43,4,,0,35,,5749,43,4,,0,70,,5731,43,4,,0,75,,5739,43,4,,0,30,,5750,43,4,,0,80,,5732,43,4,,0,30,,5740,43,4,,0,80,,5751,43,4,,0,30,,5733,43,4,,0,80,,5741,43,4,,0,70,,5752,43,4,,0,25,,5760,43,4,,0,15,,5734,43,4,,0,10,,5762,43,4,,0,60,,5742,43,4,,0,25,,5763,43,4,,0,15,,5753,43,4,,0,50,,5761,43,4,,0,20,,5735,52,4,,0,35,,5743,52,4,,0,70,,5754,52,4,,0,105,,5744,52,4,,0,70,,5755,52,4,,0,107,,5745,52,4,,0,30,,5756,52,4,,0,100,,5746,52,4,,0,70,,5757,52,4,,0
301,'1',813,,5775,1,,,0,35,,5765,1,,,0,70,,5785,1,,,0,35,,5776,1,,,0,70,,5766,1,,,0,35,,5786,1,,,0,70,,5777,1,,,0,75,,5767,1,,,0,30,,5787,1,,,0,75,,5778,1,,,0,30,,5768,1,,,0,75,,5788,1,,,0,30,,5779,1,,,0,75,,5769,1,,,0,30,,5789,1,,,0,75,,5780,1,,,0,30,,5770,1,,,0,75,,5790,1,,,0,30,,5781,1,,,0,75,,5771,1,,,0,70,,5791,1,,,0,30,,5782,1,,,0,77,,5772,1,,,0,30,,5792,1,,,0,70,,5783,1,,,0,30,,5773,1,,,0,70,,5793,1,,,0,30,,5784,1,,,0,70,,5774,1,,,0
301,'2',820,,5794,1,,,0,98,,5802,1,,,0,35,,5795,1,,,0,70,,5810,1,,,0,35,,5803,1,,,0,70,,5796,1,,,0,75,,5811,1,,,0,30,,5804,1,,,0,75,,5797,1,,,0,30,,5812,1,,,0,75,,5805,1,,,0,30,,5798,1,,,0,75,,5813,1,,,0,30,,5806,1,,,0,75,,5799,1,,,0,30,,5814,1,,,0,75,,5807,1,,,0,30,,5800,1,,,0,70,,5815,1,,,0,75,,5808,1,,,0,30,,5801,1,,,0,107,,5809,1,,,0
301,'5',638,,5816,1,,,0,70,,5824,1,,,0,35,,5835,1,,,0,60,,5847,1,,,0,10,,5817,1,,,0,20,,5846,1,,,0,15,,5825,1,,,0,55,,5848,1,,,0,15,,5836,1,,,0,35,,5818,1,,,0,70,,5826,1,,,0,35,,5837,1,,,0,70,,5819,1,,,0,75,,5827,1,,,0,35,,5838,1,,,0,75,,5820,1,,,0,35,,5828,1,,,0,75,,5839,1,,,0,35,,5821,1,,,0,75,,5829,1,,,0,75,,5840,1,,,0,20,,5849,1,,,0,15,,5822,1,,,0,10,,5851,1,,,0,65,,5830,1,,,0,20,,5852,1,,,0,15,,5841,1,,,0,50,,5850,1,,,0,20,,5823,1,,,0,35,,5831,1,,,0,70,,5842,1,,,0,105,,5832,1,,,0,70,,5843,1,,,0,107,,5833,1,,,0,30,,5844,1,,,0,100,,5834,1,,,0,70,,5845,1,,,0
2300,'1',1017,,7018,31,4,,0,105,,7019,31,4,,0,105,,7020,31,4,,0,105,,7021,31,4,,0,105,,7022,31,4,,0,105,,7023,31,4,,0,105,,7024,31,4,,0,105,,7025,31,4,,0
2300,'2',1017,,7026,31,4,,0,105,,7027,31,4,,0,105,,7028,31,4,,0,105,,7029,31,4,,0,105,,7030,31,4,,0,105,,7031,31,4,,0,105,,7032,31,4,,0
2300,'5',702,,7048,20,4,,0,30,,7033,20,4,,0,75,,7049,20,4,,0,30,,7034,20,4,,0,75,,7050,20,4,,0,30,,7035,20,4,,0,75,,7051,20,4,,0,30,,7036,20,4,,0,75,,7052,20,4,,0,30,,7037,20,4,,0,75,,7053,20,4,,0,75,,7038,20,4,,0,35,,7054,20,4,,0,75,,7039,20,4,,0,35,,7055,20,4,,0,75,,7040,20,4,,0,35,,7056,20,4,,0,75,,7041,20,4,,0,75,,7057,20,4,,0,35,,7042,20,4,,0,105,,7043,31,4,,0,105,,7044,31,4,,0,105,,7045,31,4,,0,143,,7046,31,4,,0,100,,7047,31,4,,0
2301,'1',1017,,7058,1,,,0,105,,7059,1,,,0,105,,7060,1,,,0,105,,7061,1,,,0,105,,7062,1,,,0,105,,7063,1,,,0,105,,7064,1,,,0,105,,7065,1,,,0
2301,'2',1017,,7066,1,,,0,105,,7067,1,,,0,105,,7068,1,,,0,105,,7069,1,,,0,105,,7070,1,,,0,105,,7071,1,,,0,105,,7072,1,,,0
2301,'5',627,,7073,1,,,0,75,,7089,1,,,0,30,,7074,1,,,0,75,,7090,1,,,0,30,,7075,1,,,0,75,,7091,1,,,0,30,,7076,1,,,0,75,,7092,1,,,0,30,,7077,1,,,0,75,,7093,1,,,0,30,,7078,1,,,0,75,,7094,1,,,0,75,,7079,1,,,0,35,,7095,1,,,0,75,,7080,1,,,0,35,,7096,1,,,0,75,,7081,1,,,0,35,,7097,1,,,0,75,,7082,1,,,0,75,,7098,1,,,0,35,,7083,1,,,0,105,,7084,1,,,0,105,,7085,1,,,0,105,,7086,1,,,0,143,,7087,1,,,0,100,,7088,1,,,0
