101,'1',811,,5401,6,,,0,105,,5402,6,,,0,30,,5411,6,,,0,75,,5403,6,,,0,30,,5412,6,,,0,75,,5404,6,,,0,30,,5413,6,,,0,75,,5405,6,,,0,70,,5414,6,,,0,35,,5406,6,,,0,70,,5415,6,,,0,35,,5407,6,,,0,70,,5416,6,,,0,35,,5408,6,,,0,70,,5417,6,,,0,35,,5409,6,,,0,70,,5418,6,,,0,35,,5410,6,,,0,70,,5425,6,,,0,75,,5419,6,,,0,30,,5426,6,,,0,71,,5420,6,,,0,30,,5427,6,,,0,70,,5421,6,,,0,30,,5428,6,,,0,70,,5422,6,,,0,30,,5429,6,,,0,70,,5423,6,,,0,30,,5430,6,,,0,70,,5424,6,,,0
101,'2',916,,5431,6,,,0,30,,5442,6,,,0,75,,5432,6,,,0,30,,5443,6,,,0,75,,5433,6,,,0,30,,5444,6,,,0,75,,5434,6,,,0,70,,5445,6,,,0,35,,5435,6,,,0,70,,5446,6,,,0,35,,5436,6,,,0,70,,5447,6,,,0,35,,5437,6,,,0,70,,5448,6,,,0,35,,5438,6,,,0,70,,5449,6,,,0,35,,5439,6,,,0,70,,5450,6,,,0,75,,5440,6,,,0,30,,5451,6,,,0,71,,5441,6,,,0
101,'5',632,,5452,6,,,0,74,,5463,6,,,0,30,,5453,6,,,0,14,,5476,6,,,0,60,,5474,6,,,0,10,,5464,6,,,0,15,,5478,6,,,0,15,,5454,6,,,0,55,,5477,6,,,0,20,,5475,6,,,0,10,,5465,6,,,0,20,,5479,6,,,0,50,,5455,6,,,0,25,,5480,6,,,0,20,,5466,6,,,0,55,,5492,6,,,0,15,,5456,6,,,0,25,,5481,6,,,0,60,,5467,6,,,0,15,,5493,6,,,0,20,,5457,6,,,0,60,,5482,6,,,0,20,,5468,6,,,0,15,,5494,6,,,0,20,,5458,6,,,0,60,,5483,6,,,0,20,,5469,6,,,0,10,,5487,6,,,0,55,,5495,6,,,0,10,,5459,6,,,0,20,,5484,6,,,0,20,,5470,6,,,0,50,,5488,6,,,0,15,,5496,6,,,0,15,,5460,6,,,0,15,,5485,6,,,0,60,,5471,6,,,0,10,,5489,6,,,0,15,,5497,6,,,0,15,,5461,6,,,0,14,,5486,6,,,0,52,,5472,6,,,0,10,,5490,6,,,0,30,,5462,6,,,0,65,,5473,6,,,0,40,,5491,6,,,0,74,,5502,6,,,0,71,,5498,6,,,0,31,,5503,6,,,0,70,,5499,6,,,0,30,,5504,6,,,0,70,,5500,6,,,0,30,,5505,6,,,0,73,,5501,6,,,0
901,'5',709,,5937,40,,,0,30,,5948,40,,,0,75,,5938,40,,,0,30,,5949,40,,,0,75,,5939,40,,,0,30,,5950,40,,,0,75,,5940,40,,,0,30,,5951,40,,,0,75,,5941,40,,,0,30,,5952,40,,,0,75,,5942,40,,,0,70,,5953,40,,,0,40,,5943,40,,,0,70,,5954,40,,,0,40,,5944,40,,,0,70,,5955,40,,,0,80,,5945,40,,,0,30,,5956,40,,,0,80,,5946,40,,,0,30,,5957,40,,,0,80,,5947,40,,,0
1301,'5',815,,6342,6,,,0,29,,6344,6,,,0,75,,6343,6,,,0
1401,'1',815,,6384,32,,,0,105,,6385,32,,,0,105,,6386,32,,,0,105,,6387,32,,,0,105,,6388,32,,,0,105,,6389,32,,,0,105,,6390,32,,,0,105,,6391,32,,,0,105,,6392,32,,,0,145,,6393,32,,,0
1401,'2',1025,,6394,32,,,0,105,,6395,32,,,0,105,,6396,32,,,0,105,,6397,32,,,0,105,,6398,32,,,0,105,,6399,32,,,0,105,,6400,32,,,0
1401,'5',710,,6401,32,,,0,35,,6416,32,,,0,70,,6402,32,,,0,35,,6417,32,,,0,70,,6403,32,,,0,35,,6418,32,,,0,70,,6404,32,,,0,75,,6422,32,,,0,30,,6405,32,,,0,75,,6423,32,,,0,30,,6406,32,,,0,75,,6424,32,,,0,35,,6407,32,,,0,75,,6425,32,,,0,35,,6408,32,,,0,75,,6419,32,,,0,75,,6409,32,,,0,35,,6420,32,,,0,75,,6410,32,,,0,35,,6421,32,,,0,75,,6411,32,,,0,105,,6412,32,,,0,105,,6413,32,,,0,100,,6414,32,,,0,100,,6415,32,,,0
2301,'1',1033,,7058,25,,,0,105,,7059,25,,,0,105,,7060,25,,,0,105,,7061,25,,,0,105,,7062,25,,,0,105,,7063,25,,,0,145,,7064,25,,,0,105,,7065,25,,,0
2301,'2',1033,,7066,25,,,0,105,,7067,25,,,0,105,,7068,25,,,0,105,,7069,25,,,0,105,,7070,25,,,0,105,,7071,25,,,0,145,,7072,25,,,0
2301,'5',645,,7073,17,,,0,75,,7089,17,,,0,30,,7074,17,,,0,75,,7090,17,,,0,30,,7075,17,,,0,75,,7091,17,,,0,70,,7076,17,,,0,35,,7092,17,,,0,70,,7077,17,,,0,35,,7093,17,,,0,70,,7078,17,,,0,35,,7094,17,,,0,75,,7079,17,,,0,35,,7095,17,,,0,75,,7080,17,,,0,75,,7096,17,,,0,35,,7081,17,,,0,75,,7097,17,,,0,35,,7082,17,,,0,75,,7098,17,,,0,75,,7083,17,,,0,103,,7084,25,,,0,105,,7085,25,,,0,105,,7086,25,,,0,103,,7087,25,,,0,100,,7088,25,,,0
2901,'1',1105,,7126,8,,,0,105,,7127,8,,,0,105,,7128,8,,,0,105,,7129,8,,,0,105,,7130,8,,,0,105,,7131,8,,,0
2901,'2',1105,,7132,8,,,0,105,,7133,8,,,0,105,,7134,8,,,0,105,,7135,8,,,0,105,,7136,8,,,0,105,,7137,8,,,0
2901,'5',855,,7138,8,,,0,145,,7139,8,,,0,105,,7140,8,,,0,105,,7141,8,,,0,105,,7142,8,,,0,105,,7143,8,,,0,105,,7144,8,,,0,105,,7145,8,,,0,105,,7146,8,,,0,105,,7147,8,,,0,105,,7148,8,,,0
