1001,'1',654,,6087,20,,,0,150,,6061,20,,,0,30,,6080,20,,,0,105,,6062,20,,,0,70,,6081,20,,,0,20,,6092,20,,,0,85,,6063,20,,,0,35,,6082,20,,,0,55,,6091,20,,,0,15,,6072,20,,,0,35,,6064,20,,,0,70,,6083,20,,,0,15,,6088,20,,,0,20,,6073,20,,,0,70,,6065,20,,,0,75,,6084,20,,,0,15,,6089,20,,,0,15,,6074,20,,,0,75,,6066,20,,,0,30,,6085,20,,,0,20,,6090,20,,,0,55,,6075,20,,,0,30,,6067,20,,,0,75,,6086,20,,,0,30,,6076,20,,,0,75,,6068,20,,,0,30,,6093,20,,,0,70,,6077,20,,,0,30,,6069,20,,,0,70,,6094,20,,,0,30,,6078,20,,,0,70,,6070,20,,,0,30,,6095,20,,,0,75,,6079,20,,,0,25,,6071,20,,,0
1001,'2',909,,6111,20,,,0,30,,6096,20,,,0,70,,6112,20,,,0,35,,6109,20,,,0,70,,6097,20,,,0,35,,6113,20,,,0,70,,6103,20,,,0,35,,6098,20,,,0,70,,6114,20,,,0,35,,6104,20,,,0,70,,6099,20,,,0,75,,6115,20,,,0,30,,6105,20,,,0,75,,6100,20,,,0,30,,6116,20,,,0,75,,6106,20,,,0,30,,6101,20,,,0,75,,6117,20,,,0,30,,6107,20,,,0,75,,6102,20,,,0,100,,6108,20,,,0
1001,'5',654,,6129,20,,,0,75,,6140,20,,,0,30,,6118,20,,,0,75,,6130,20,,,0,15,,6150,20,,,0,55,,6141,20,,,0,15,,6151,20,,,0,20,,6119,20,,,0,70,,6131,20,,,0,15,,6158,20,,,0,20,,6142,20,,,0,70,,6120,20,,,0,35,,6132,20,,,0,55,,6159,20,,,0,17,,6143,20,,,0,35,,6121,20,,,0,75,,6133,20,,,0,15,,6160,20,,,0,63,,6144,20,,,0,32,,6122,20,,,0,75,,6134,20,,,0,20,,6152,20,,,0,18,,6145,20,,,0,55,,6154,20,,,0,17,,6123,20,,,0,20,,6147,20,,,0,55,,6135,20,,,0,20,,6153,20,,,0,18,,6146,20,,,0,10,,6155,20,,,0,60,,6124,20,,,0,20,,6148,20,,,0,15,,6136,20,,,0,60,,6157,20,,,0,30,,6156,20,,,0,15,,6125,20,,,0,55,,6149,20,,,0,15,,6137,20,,,0,105,,6126,20,,,0,30,,6138,20,,,0,100,,6127,20,,,0,70,,6139,20,,,0,100,,6128,20,,,0
1501,'1',934,,6477,25,,,0,105,,6478,25,,,0,105,,6479,25,,,0,105,,6480,25,,,0,105,,6481,25,,,0,105,,6482,25,,,0,145,,6483,25,,,0,105,,6484,25,,,0,105,,6485,25,,,0,105,,6486,25,,,0,100,,6487,25,,,0,100,,6488,25,,,0,100,,6489,25,,,0,100,,6490,25,,,0
1501,'2',934,,6491,25,,,0,105,,6492,25,,,0,105,,6493,25,,,0,105,,6494,25,,,0,105,,6495,25,,,0,105,,6496,25,,,0,145,,6497,25,,,0,105,,6498,25,,,0,105,,6499,25,,,0,105,,6500,25,,,0,100,,6501,25,,,0
1501,'5',649,,6502,25,,,0,75,,6514,25,,,0,30,,6503,25,,,0,75,,6515,25,,,0,30,,6504,25,,,0,75,,6516,25,,,0,70,,6505,25,,,0,35,,6517,25,,,0,70,,6506,25,,,0,35,,6518,25,,,0,70,,6507,25,,,0,35,,6519,25,,,0,75,,6508,25,,,0,35,,6520,25,,,0,75,,6509,25,,,0,75,,6521,25,,,0,35,,6510,25,,,0,75,,6522,25,,,0,35,,6511,25,,,0,75,,6523,25,,,0,75,,6512,25,,,0,35,,6524,25,,,0,70,,6513,25,,,0,105,,6525,25,,,0,105,,6526,25,,,0,100,,6527,25,,,0,100,,6528,25,,,0
1600,'1',857,,6529,4,,,0,145,,6530,4,,,0,105,,6531,4,,,0,105,,6532,4,,,0,105,,6533,4,,,0,105,,6534,4,,,0,105,,6535,4,,,0,105,,6536,4,,,0,105,,6537,4,,,0,105,,6538,4,,,0,105,,6539,4,,,0,100,,6540,4,,,0,100,,6541,4,,,0,100,,6542,4,,,0
1600,'2',1002,,6550,4,,,0,105,,6543,4,,,0,105,,6544,4,,,0,105,,6545,4,,,0,105,,6546,4,,,0,105,,6547,4,,,0,105,,6548,4,,,0,105,,6549,4,,,0
1600,'5',718,,6551,4,,,0,105,,6552,4,,,0,34,,6565,4,,,0,71,,6553,4,,,0,30,,6566,4,,,0,75,,6554,4,,,0,70,,6567,4,,,0,35,,6555,4,,,0,75,,6568,4,,,0,35,,6556,4,,,0,75,,6569,4,,,0,35,,6557,4,,,0,75,,6570,4,,,0,75,,6558,4,,,0,35,,6571,4,,,0,75,,6559,4,,,0,35,,6572,4,,,0,75,,6560,4,,,0,74,,6573,4,,,0,31,,6561,4,,,0,105,,6562,4,,,0,105,,6563,4,,,0,104,,6564,4,,,0
2301,'1',1043,,7058,29,,,0,105,,7059,29,,,0,105,,7060,29,,,0,105,,7061,29,,,0,145,,7062,29,,,0,105,,7063,29,,,0,105,,7064,29,,,0,105,,7065,29,,,0
2301,'2',1043,,7066,29,,,0,105,,7067,29,,,0,105,,7068,29,,,0,105,,7069,29,,,0,145,,7070,29,,,0,105,,7071,29,,,0,105,,7072,29,,,0
2301,'5',654,,7073,21,,,0,75,,7089,21,,,0,30,,7074,21,,,0,75,,7090,21,,,0,70,,7075,21,,,0,35,,7091,21,,,0,70,,7076,21,,,0,35,,7092,21,,,0,70,,7077,21,,,0,35,,7093,21,,,0,70,,7078,21,,,0,35,,7094,21,,,0,75,,7079,21,,,0,75,,7095,21,,,0,35,,7080,21,,,0,75,,7096,21,,,0,35,,7081,21,,,0,75,,7097,21,,,0,35,,7082,21,,,0,75,,7098,21,,,0,75,,7083,21,,,0,104,,7084,29,,,0,105,,7085,29,,,0,105,,7086,29,,,0,101,,7087,29,,,0,100,,7088,29,,,0
