900,'5',645,,5927,8,,,0,75,,5917,8,,,0,30,,5928,8,,,0,75,,5918,8,,,0,30,,5929,8,,,0,75,,5919,8,,,0,70,,5930,8,,,0,35,,5920,8,,,0,70,,5931,8,,,0,35,,5921,8,,,0,70,,5932,8,,,0,40,,5922,8,,,0,70,,5933,8,,,0,80,,5923,8,,,0,30,,5934,8,,,0,80,,5924,8,,,0,30,,5935,8,,,0,80,,5925,8,,,0,30,,5936,8,,,0,80,,5926,8,,,0
901,'5',701,,5937,32,,,0,30,,5948,32,,,0,75,,5938,32,,,0,30,,5949,32,,,0,75,,5939,32,,,0,30,,5950,32,,,0,75,,5940,32,,,0,30,,5951,32,,,0,75,,5941,32,,,0,30,,5952,32,,,0,75,,5942,32,,,0,30,,5953,32,,,0,80,,5943,32,,,0,70,,5954,32,,,0,40,,5944,32,,,0,70,,5955,32,,,0,40,,5945,32,,,0,70,,5956,32,,,0,80,,5946,32,,,0,30,,5957,32,,,0,80,,5947,32,,,0
1401,'1',806,,6384,23,,,0,105,,6385,23,,,0,105,,6386,23,,,0,105,,6387,23,,,0,105,,6388,23,,,0,105,,6389,23,,,0,105,,6390,23,,,0,105,,6391,23,,,0,105,,6392,23,,,0,105,,6393,23,,,0
1401,'2',1016,,6394,23,,,0,105,,6395,23,,,0,105,,6396,23,,,0,105,,6397,23,,,0,105,,6398,23,,,0,105,,6399,23,,,0,105,,6400,23,,,0
1401,'5',701,,6401,23,,,0,35,,6416,23,,,0,70,,6402,23,,,0,35,,6417,23,,,0,70,,6403,23,,,0,35,,6418,23,,,0,70,,6404,23,,,0,35,,6422,23,,,0,70,,6405,23,,,0,35,,6423,23,,,0,70,,6406,23,,,0,75,,6424,23,,,0,35,,6407,23,,,0,75,,6425,23,,,0,35,,6408,23,,,0,75,,6419,23,,,0,35,,6409,23,,,0,75,,6420,23,,,0,75,,6410,23,,,0,35,,6421,23,,,0,75,,6411,23,,,0,105,,6412,23,,,0,105,,6413,23,,,0,101,,6414,23,,,0,100,,6415,23,,,0
2300,'1',958,,7018,10,,,0,145,,7019,10,,,0,105,,7020,10,,,0,105,,7021,10,,,0,105,,7022,10,,,0,105,,7023,10,,,0,105,,7024,10,,,0,105,,7025,10,,,0
2300,'2',958,,7026,10,,,0,145,,7027,10,,,0,105,,7028,10,,,0,105,,7029,10,,,0,105,,7030,10,,,0,105,,7031,10,,,0,105,,7032,10,,,0
2300,'5',1828,,7043,10,,,0,105,,7044,10,,,0,105,,7045,10,,,0,102,,7046,10,,,0,100,,7047,10,,,0
2301,'1',1028,,7058,17,,,0,105,,7059,17,,,0,105,,7060,17,,,0,105,,7061,17,,,0,105,,7062,17,,,0,105,,7063,17,,,0,105,,7064,17,,,0,145,,7065,17,,,0
2301,'2',1028,,7066,17,,,0,105,,7067,17,,,0,105,,7068,17,,,0,105,,7069,17,,,0,105,,7070,17,,,0,105,,7071,17,,,0,105,,7072,17,,,0
2301,'5',1858,,7084,17,,,0,145,,7085,17,,,0,105,,7086,17,,,0,103,,7087,17,,,0,100,,7088,17,,,0
