100,'1',735,,5297,1,,,0,105,,5298,1,,,0,70,,5307,1,,,0,35,,5299,1,,,0,70,,5308,1,,,0,35,,5300,1,,,0,70,,5309,1,,,0,35,,5301,1,,,0,70,,5310,1,,,0,75,,5302,1,,,0,30,,5311,1,,,0,75,,5303,1,,,0,30,,5312,1,,,0,75,,5304,1,,,0,30,,5313,1,,,0,75,,5305,1,,,0,30,,5314,1,,,0,75,,5306,1,,,0,30,,5321,1,,,0,75,,5315,1,,,0,30,,5322,1,,,0,75,,5316,1,,,0,70,,5323,1,,,0,30,,5317,1,,,0,70,,5324,1,,,0,30,,5318,1,,,0,70,,5325,1,,,0,30,,5319,1,,,0,70,,5326,1,,,0,30,,5320,1,,,0
100,'2',840,,5327,1,,,0,70,,5338,1,,,0,35,,5328,1,,,0,70,,5339,1,,,0,35,,5329,1,,,0,70,,5340,1,,,0,35,,5330,1,,,0,70,,5341,1,,,0,75,,5331,1,,,0,30,,5342,1,,,0,75,,5332,1,,,0,30,,5343,1,,,0,75,,5333,1,,,0,30,,5344,1,,,0,75,,5334,1,,,0,30,,5345,1,,,0,75,,5335,1,,,0,30,,5346,1,,,0,75,,5336,1,,,0,30,,5347,1,,,0,75,,5337,1,,,0
100,'5',630,,5358,1,,,0,70,,5348,1,,,0,10,,5385,1,,,0,15,,5386,1,,,0,10,,5359,1,,,0,15,,5371,1,,,0,55,,5349,1,,,0,15,,5370,1,,,0,20,,5369,1,,,0,10,,5360,1,,,0,60,,5372,1,,,0,10,,5350,1,,,0,25,,5373,1,,,0,60,,5361,1,,,0,30,,5351,1,,,0,65,,5374,1,,,0,20,,5362,1,,,0,15,,5387,1,,,0,20,,5352,1,,,0,60,,5375,1,,,0,20,,5363,1,,,0,15,,5388,1,,,0,60,,5353,1,,,0,20,,5376,1,,,0,20,,5364,1,,,0,50,,5380,1,,,0,15,,5389,1,,,0,10,,5354,1,,,0,20,,5377,1,,,0,60,,5365,1,,,0,10,,5381,1,,,0,15,,5390,1,,,0,15,,5355,1,,,0,55,,5378,1,,,0,20,,5366,1,,,0,10,,5382,1,,,0,15,,5391,1,,,0,55,,5356,1,,,0,15,,5379,1,,,0,20,,5367,1,,,0,10,,5383,1,,,0,70,,5357,1,,,0,25,,5368,1,,,0,80,,5384,1,,,0,25,,5397,1,,,0,80,,5393,1,,,0,75,,5398,1,,,0,30,,5394,1,,,0,70,,5399,1,,,0,30,,5395,1,,,0,70,,5400,1,,,0,30,,5396,1,,,0
101,'1',840,,5401,33,4,,0,105,,5402,33,4,,0,70,,5411,33,4,,0,35,,5403,33,4,,0,70,,5412,33,4,,0,35,,5404,33,4,,0,70,,5413,33,4,,0,75,,5405,33,4,,0,30,,5414,33,4,,0,75,,5406,33,4,,0,30,,5415,33,4,,0,75,,5407,33,4,,0,30,,5416,33,4,,0,75,,5408,33,4,,0,30,,5417,33,4,,0,75,,5409,33,4,,0,30,,5418,33,4,,0,75,,5410,33,4,,0,30,,5425,33,4,,0,75,,5419,33,4,,0,70,,5426,33,4,,0,30,,5420,33,4,,0,70,,5427,33,4,,0,30,,5421,33,4,,0,70,,5428,33,4,,0,30,,5422,33,4,,0,70,,5429,33,4,,0,30,,5423,33,4,,0,70,,5430,33,4,,0,20,,5424,33,4,,0
101,'2',945,,5431,33,4,,0,70,,5442,33,4,,0,35,,5432,33,4,,0,70,,5443,33,4,,0,35,,5433,33,4,,0,70,,5444,33,4,,0,75,,5434,33,4,,0,30,,5445,33,4,,0,75,,5435,33,4,,0,30,,5446,33,4,,0,75,,5436,33,4,,0,30,,5447,33,4,,0,75,,5437,33,4,,0,30,,5448,33,4,,0,75,,5438,33,4,,0,30,,5449,33,4,,0,75,,5439,33,4,,0,30,,5450,33,4,,0,75,,5440,33,4,,0,70,,5451,33,4,,0,30,,5441,33,4,,0
101,'5',700,,5452,33,4,,0,35,,5463,33,4,,0,70,,5453,33,4,,0,15,,5476,33,4,,0,20,,5474,33,4,,0,10,,5464,33,4,,0,55,,5478,33,4,,0,15,,5454,33,4,,0,15,,5477,33,4,,0,20,,5475,33,4,,0,50,,5465,33,4,,0,20,,5479,33,4,,0,10,,5455,33,4,,0,65,,5480,33,4,,0,20,,5466,33,4,,0,15,,5492,33,4,,0,15,,5456,33,4,,0,65,,5481,33,4,,0,20,,5467,33,4,,0,15,,5493,33,4,,0,60,,5457,33,4,,0,20,,5482,33,4,,0,20,,5468,33,4,,0,55,,5494,33,4,,0,20,,5458,33,4,,0,20,,5483,33,4,,0,60,,5469,33,4,,0,10,,5487,33,4,,0,15,,5495,33,4,,0,10,,5459,33,4,,0,60,,5484,33,4,,0,20,,5470,33,4,,0,10,,5488,33,4,,0,15,,5496,33,4,,0,55,,5460,33,4,,0,15,,5485,33,4,,0,20,,5471,33,4,,0,10,,5489,33,4,,0,55,,5497,33,4,,0,15,,5461,33,4,,0,25,,5472,33,4,,0,10,,5490,33,4,,0,70,,5462,33,4,,0,25,,5473,33,4,,0,80,,5491,33,4,,0,75,,5502,33,4,,0,30,,5498,33,4,,0,70,,5503,33,4,,0,30,,5499,33,4,,0,70,,5504,33,4,,0,30,,5500,33,4,,0,70,,5505,33,4,,0,25,,5501,33,4,,0
200,'1',735,,5506,1,,,0,105,,5514,1,,,0,70,,5522,1,,,0,35,,5507,1,,,0,70,,5528,1,,,0,35,,5515,1,,,0,70,,5523,1,,,0,35,,5508,1,,,0,70,,5529,1,,,0,75,,5516,1,,,0,30,,5524,1,,,0,75,,5509,1,,,0,30,,5530,1,,,0,75,,5517,1,,,0,30,,5525,1,,,0,75,,5510,1,,,0,30,,5531,1,,,0,75,,5518,1,,,0,30,,5526,1,,,0,75,,5511,1,,,0,30,,5532,1,,,0,75,,5519,1,,,0,70,,5527,1,,,0,30,,5512,1,,,0,70,,5534,1,,,0,30,,5520,1,,,0,70,,5533,1,,,0,30,,5513,1,,,0,100,,5521,1,,,0
200,'2',840,,5540,1,,,0,105,,5535,1,,,0,70,,5549,1,,,0,35,,5541,1,,,0,70,,5546,1,,,0,35,,5536,1,,,0,70,,5550,1,,,0,75,,5542,1,,,0,30,,5547,1,,,0,75,,5537,1,,,0,30,,5551,1,,,0,75,,5543,1,,,0,30,,5548,1,,,0,75,,5538,1,,,0,30,,5552,1,,,0,75,,5544,1,,,0,30,,5553,1,,,0,75,,5539,1,,,0,30,,5554,1,,,0,75,,5545,1,,,0
200,'5',630,,5578,1,,,0,70,,5563,1,,,0,35,,5571,1,,,0,15,,5588,1,,,0,55,,5555,1,,,0,15,,5589,1,,,0,20,,5579,1,,,0,70,,5564,1,,,0,35,,5572,1,,,0,70,,5556,1,,,0,35,,5580,1,,,0,70,,5565,1,,,0,35,,5573,1,,,0,75,,5557,1,,,0,75,,5581,1,,,0,35,,5566,1,,,0,75,,5574,1,,,0,35,,5558,1,,,0,55,,5586,1,,,0,20,,5582,1,,,0,20,,5590,1,,,0,55,,5567,1,,,0,15,,5587,1,,,0,20,,5575,1,,,0,20,,5591,1,,,0,55,,5559,1,,,0,15,,5592,1,,,0,20,,5583,1,,,0,70,,5568,1,,,0,35,,5576,1,,,0,70,,5560,1,,,0,35,,5584,1,,,0,70,,5569,1,,,0,75,,5577,1,,,0,30,,5561,1,,,0,70,,5585,1,,,0,30,,5570,1,,,0,100,,5562,1,,,0
201,'1',840,,5601,67,4,,0,105,,5593,67,4,,0,70,,5614,67,4,,0,35,,5602,67,4,,0,70,,5609,67,4,,0,35,,5594,67,4,,0,70,,5615,67,4,,0,75,,5603,67,4,,0,30,,5610,67,4,,0,75,,5595,67,4,,0,30,,5616,67,4,,0,75,,5604,67,4,,0,30,,5611,67,4,,0,75,,5596,67,4,,0,30,,5617,67,4,,0,75,,5605,67,4,,0,30,,5612,67,4,,0,75,,5597,67,4,,0,30,,5618,67,4,,0,75,,5606,67,4,,0,70,,5613,67,4,,0,30,,5598,67,4,,0,70,,5619,67,4,,0,30,,5607,67,4,,0,70,,5620,67,4,,0,30,,5599,67,4,,0,70,,5621,67,4,,0,30,,5608,67,4,,0,90,,5600,67,4,,0
201,'2',945,,5622,67,4,,0,105,,5628,67,4,,0,70,,5633,67,4,,0,35,,5623,67,4,,0,70,,5637,67,4,,0,75,,5629,67,4,,0,30,,5634,67,4,,0,75,,5624,67,4,,0,30,,5638,67,4,,0,75,,5630,67,4,,0,30,,5635,67,4,,0,75,,5625,67,4,,0,30,,5639,67,4,,0,75,,5631,67,4,,0,30,,5636,67,4,,0,75,,5626,67,4,,0,30,,5641,67,4,,0,75,,5632,67,4,,0,70,,5640,67,4,,0,30,,5627,67,4,,0
201,'5',735,,5658,67,4,,0,70,,5642,67,4,,0,35,,5666,67,4,,0,70,,5650,67,4,,0,15,,5675,67,4,,0,20,,5659,67,4,,0,70,,5643,67,4,,0,35,,5667,67,4,,0,70,,5651,67,4,,0,35,,5660,67,4,,0,70,,5644,67,4,,0,75,,5668,67,4,,0,35,,5652,67,4,,0,75,,5661,67,4,,0,35,,5645,67,4,,0,75,,5669,67,4,,0,35,,5653,67,4,,0,55,,5674,67,4,,0,20,,5662,67,4,,0,20,,5677,67,4,,0,55,,5646,67,4,,0,15,,5673,67,4,,0,20,,5670,67,4,,0,60,,5676,67,4,,0,15,,5654,67,4,,0,15,,5678,67,4,,0,20,,5664,67,4,,0,70,,5647,67,4,,0,35,,5671,67,4,,0,70,,5655,67,4,,0,75,,5663,67,4,,0,30,,5648,67,4,,0,70,,5672,67,4,,0,30,,5656,67,4,,0,70,,5665,67,4,,0,30,,5649,67,4,,0,90,,5657,67,4,,0
300,'1',735,,5689,1,,,0,75,,5679,1,,,0,30,,5699,1,,,0,70,,5690,1,,,0,35,,5680,1,,,0,70,,5700,1,,,0,35,,5691,1,,,0,70,,5681,1,,,0,35,,5701,1,,,0,70,,5692,1,,,0,75,,5682,1,,,0,30,,5702,1,,,0,75,,5693,1,,,0,30,,5683,1,,,0,75,,5703,1,,,0,30,,5694,1,,,0,75,,5684,1,,,0,30,,5704,1,,,0,75,,5695,1,,,0,30,,5685,1,,,0,75,,5705,1,,,0,30,,5696,1,,,0,75,,5686,1,,,0,70,,5706,1,,,0,30,,5697,1,,,0,70,,5687,1,,,0,30,,5707,1,,,0,70,,5698,1,,,0,30,,5688,1,,,0
300,'2',840,,5715,1,,,0,70,,5708,1,,,0,35,,5723,1,,,0,70,,5716,1,,,0,35,,5709,1,,,0,70,,5724,1,,,0,35,,5717,1,,,0,70,,5710,1,,,0,75,,5725,1,,,0,30,,5718,1,,,0,75,,5711,1,,,0,30,,5726,1,,,0,75,,5719,1,,,0,30,,5712,1,,,0,75,,5727,1,,,0,30,,5720,1,,,0,75,,5713,1,,,0,30,,5728,1,,,0,75,,5721,1,,,0,30,,5714,1,,,0,145,,5722,1,,,0
300,'5',630,,5736,1,,,0,70,,5747,1,,,0,20,,5764,1,,,0,15,,5729,1,,,0,15,,5758,1,,,0,55,,5737,1,,,0,15,,5759,1,,,0,20,,5748,1,,,0,70,,5730,1,,,0,35,,5738,1,,,0,70,,5749,1,,,0,35,,5731,1,,,0,70,,5739,1,,,0,35,,5750,1,,,0,75,,5732,1,,,0,75,,5740,1,,,0,35,,5751,1,,,0,75,,5733,1,,,0,35,,5741,1,,,0,75,,5752,1,,,0,20,,5760,1,,,0,55,,5734,1,,,0,15,,5762,1,,,0,20,,5742,1,,,0,20,,5763,1,,,0,55,,5753,1,,,0,15,,5761,1,,,0,20,,5735,1,,,0,70,,5743,1,,,0,35,,5754,1,,,0,105,,5744,1,,,0,70,,5755,1,,,0,105,,5745,1,,,0,70,,5756,1,,,0,100,,5746,1,,,0,30,,5757,1,,,0
301,'1',910,,5775,49,4,,0,35,,5765,49,4,,0,70,,5785,49,4,,0,35,,5776,49,4,,0,70,,5766,49,4,,0,35,,5786,49,4,,0,70,,5777,49,4,,0,75,,5767,49,4,,0,30,,5787,49,4,,0,75,,5778,49,4,,0,30,,5768,49,4,,0,75,,5788,49,4,,0,30,,5779,49,4,,0,75,,5769,49,4,,0,30,,5789,49,4,,0,75,,5780,49,4,,0,30,,5770,59,4,,0,75,,5790,59,4,,0,30,,5781,59,4,,0,75,,5771,59,4,,0,70,,5791,59,4,,0,30,,5782,59,4,,0,70,,5772,59,4,,0,30,,5792,59,4,,0,70,,5783,59,4,,0,30,,5773,59,4,,0,70,,5793,59,4,,0,30,,5784,59,4,,0,70,,5774,59,4,,0
301,'2',910,,5794,59,4,,0,105,,5802,59,4,,0,35,,5795,59,4,,0,70,,5810,59,4,,0,35,,5803,59,4,,0,70,,5796,59,4,,0,75,,5811,59,4,,0,30,,5804,59,4,,0,75,,5797,59,4,,0,30,,5812,59,4,,0,75,,5805,59,4,,0,30,,5798,59,4,,0,75,,5813,59,4,,0,30,,5806,59,4,,0,75,,5799,59,4,,0,30,,5814,59,4,,0,75,,5807,59,4,,0,30,,5800,59,4,,0,70,,5815,59,4,,0,75,,5808,59,4,,0,30,,5801,59,4,,0
301,'5',735,,5816,49,4,,0,70,,5824,49,4,,0,35,,5835,49,4,,0,60,,5847,49,4,,0,10,,5817,49,4,,0,15,,5846,49,4,,0,20,,5825,49,4,,0,55,,5848,49,4,,0,15,,5836,49,4,,0,35,,5818,49,4,,0,70,,5826,49,4,,0,35,,5837,49,4,,0,70,,5819,49,4,,0,75,,5827,49,4,,0,35,,5838,49,4,,0,75,,5820,49,4,,0,35,,5828,49,4,,0,75,,5839,49,4,,0,35,,5821,49,4,,0,75,,5829,49,4,,0,75,,5840,49,4,,0,20,,5849,49,4,,0,15,,5822,49,4,,0,10,,5851,49,4,,0,65,,5830,49,4,,0,20,,5852,49,4,,0,15,,5841,59,4,,0,50,,5850,59,4,,0,20,,5823,59,4,,0,35,,5831,59,4,,0,70,,5842,59,4,,0,105,,5832,59,4,,0,70,,5843,59,4,,0,100,,5833,59,4,,0,30,,5844,59,4,,0,100,,5834,59,4,,0
600,'1',805,,5853,1,,,0,105,,5854,1,,,0,105,,5855,1,,,0,105,,5856,1,,,0,105,,5857,1,,,0,105,,5858,1,,,0,105,,5859,1,,,0,105,,5860,1,,,0,105,,5861,1,,,0,105,,5862,1,,,0,105,,5863,1,,,0
600,'2',910,,5864,1,,,0,105,,5865,1,,,0,105,,5866,1,,,0,105,,5867,1,,,0,105,,5868,1,,,0,105,,5869,1,,,0,105,,5870,1,,,0,105,,5871,1,,,0
600,'5',630,,5872,1,,,0,70,,5873,1,,,0,105,,5874,1,,,0,105,,5875,1,,,0,105,,5876,1,,,0,105,,5877,1,,,0,110,,5878,1,,,0,110,,5879,1,,,0,110,,5880,1,,,0,150,,5881,1,,,0,110,,5882,1,,,0,105,,5883,1,,,0,105,,5884,1,,,0
601,'1',840,,5885,16,4,,0,105,,5886,16,4,,0,105,,5887,16,4,,0,105,,5888,16,4,,0,145,,5889,16,4,,0,105,,5890,16,4,,0,105,,5891,16,4,,0,105,,5892,16,4,,0,105,,5893,16,4,,0,105,,5894,16,4,,0,105,,5895,16,4,,0
601,'2',945,,5896,16,4,,0,105,,5897,16,4,,0,105,,5898,16,4,,0,145,,5899,16,4,,0,105,,5900,16,4,,0,105,,5901,16,4,,0,105,,5902,16,4,,0,105,,5903,16,4,,0
601,'5',700,,5904,16,4,,0,35,,5905,16,4,,0,105,,5906,16,4,,0,105,,5907,16,4,,0,105,,5908,16,4,,0,105,,5909,16,4,,0,150,,5910,16,4,,0,110,,5911,16,4,,0,110,,5912,16,4,,0,110,,5913,16,4,,0,110,,5914,16,4,,0,105,,5915,16,4,,0,105,,5916,16,4,,0
1200,'1',840,,6219,1,,,0,70,,6233,1,,,0,35,,6220,1,,,0,70,,6234,1,,,0,35,,6221,1,,,0,70,,6235,1,,,0,35,,6222,1,,,0,70,,6236,1,,,0,75,,6223,1,,,0,30,,6237,1,,,0,75,,6224,1,,,0,30,,6238,1,,,0,75,,6225,1,,,0,30,,6239,1,,,0,75,,6226,1,,,0,30,,6240,1,,,0,75,,6227,1,,,0,30,,6241,1,,,0,75,,6228,1,,,0,105,,6229,1,,,0,100,,6230,1,,,0,100,,6231,1,,,0,100,,6232,1,,,0
1200,'2',840,,6242,1,,,0,105,,6243,1,,,0,105,,6244,1,,,0,105,,6245,1,,,0,145,,6246,1,,,0,105,,6247,1,,,0,105,,6248,1,,,0,105,,6249,1,,,0,105,,6250,1,,,0,105,,6251,1,,,0,105,,6252,1,,,0
1200,'5',700,,6263,1,,,0,35,,6253,1,,,0,70,,6264,1,,,0,35,,6254,1,,,0,70,,6265,1,,,0,35,,6255,1,,,0,70,,6266,1,,,0,35,,6256,1,,,0,70,,6267,1,,,0,35,,6257,1,,,0,75,,6268,1,,,0,75,,6258,1,,,0,35,,6269,1,,,0,75,,6259,1,,,0,35,,6270,1,,,0,75,,6260,1,,,0,75,,6271,1,,,0,35,,6261,1,,,0,75,,6272,1,,,0,35,,6262,1,,,0,70,,6273,1,,,0,105,,6274,1,,,0,105,,6275,1,,,0,105,,6276,1,,,0,100,,6277,1,,,0,100,,6278,1,,,0
1201,'1',910,,6293,35,4,,0,35,,6279,35,4,,0,70,,6294,35,4,,0,35,,6280,35,4,,0,70,,6295,35,4,,0,35,,6281,35,4,,0,70,,6301,35,4,,0,75,,6282,35,4,,0,30,,6296,35,4,,0,75,,6283,35,4,,0,30,,6297,35,4,,0,75,,6284,35,4,,0,30,,6298,35,4,,0,75,,6285,35,4,,0,30,,6299,35,4,,0,75,,6286,35,4,,0,30,,6300,35,4,,0,75,,6287,35,4,,0,30,,6302,35,4,,0,75,,6288,35,4,,0,100,,6289,35,4,,0,100,,6290,35,4,,0,100,,6291,35,4,,0,100,,6292,35,4,,0
1201,'2',945,,6303,35,4,,0,105,,6304,35,4,,0,105,,6305,35,4,,0,145,,6306,35,4,,0,105,,6307,35,4,,0,105,,6308,35,4,,0,105,,6309,35,4,,0,105,,6310,35,4,,0,105,,6311,35,4,,0,105,,6312,35,4,,0,100,,6313,35,4,,0
1201,'5',735,,6314,34,4,,0,70,,6324,34,4,,0,35,,6315,34,4,,0,70,,6325,34,4,,0,35,,6316,35,4,,0,70,,6326,35,4,,0,35,,6317,35,4,,0,70,,6327,35,4,,0,30,,6318,35,4,,0,75,,6328,35,4,,0,75,,6319,35,4,,0,35,,6329,35,4,,0,75,,6320,35,4,,0,35,,6330,35,4,,0,75,,6321,35,4,,0,35,,6331,35,4,,0,75,,6322,35,4,,0,75,,6332,35,4,,0,35,,6323,35,4,,0,75,,6333,35,4,,0,105,,6334,35,4,,0,105,,6335,35,4,,0,105,,6336,35,4,,0,100,,6337,35,4,,0,100,,6338,35,4,,0
1300,'5',735,,6339,1,,,0,70,,6341,1,,,0,35,,6340,1,,,0
1301,'5',840,,6342,9,4,,0
1800,'1',840,,6619,1,,,0,105,,6620,1,,,0,105,,6621,1,,,0,105,,6622,1,,,0,145,,6623,1,,,0,105,,6624,1,,,0,105,,6625,1,,,0,105,,6626,1,,,0,105,,6627,1,,,0,105,,6628,1,,,0,105,,6629,1,,,0,100,,6630,1,,,0,100,,6631,1,,,0,100,,6632,1,,,0,100,,6633,1,,,0
1800,'2',840,,6634,1,,,0,105,,6635,1,,,0,105,,6636,1,,,0,105,,6637,1,,,0,145,,6638,1,,,0,105,,6639,1,,,0,105,,6640,1,,,0,105,,6641,1,,,0,105,,6642,1,,,0,105,,6643,1,,,0,105,,6644,1,,,0
1800,'5',630,,6645,1,,,0,70,,6656,1,,,0,35,,6646,1,,,0,70,,6665,1,,,0,35,,6647,1,,,0,70,,6666,1,,,0,35,,6648,1,,,0,70,,6667,1,,,0,35,,6649,1,,,0,70,,6668,1,,,0,35,,6650,1,,,0,75,,6669,1,,,0,75,,6651,1,,,0,35,,6670,1,,,0,75,,6652,1,,,0,35,,6671,1,,,0,75,,6653,1,,,0,75,,6657,1,,,0,35,,6654,1,,,0,75,,6658,1,,,0,35,,6655,1,,,0,70,,6659,1,,,0,105,,6660,1,,,0,105,,6661,1,,,0,105,,6662,1,,,0,100,,6663,1,,,0,100,,6664,1,,,0
1801,'1',840,,6672,16,4,,0,105,,6673,37,4,,0,105,,6674,37,4,,0,105,,6675,37,4,,0,145,,6676,37,4,,0,105,,6677,37,4,,0,105,,6678,37,4,,0,105,,6679,37,4,,0,105,,6680,37,4,,0,105,,6681,37,4,,0,105,,6682,37,4,,0,100,,6683,37,4,,0,100,,6684,37,4,,0,100,,6685,37,4,,0,100,,6686,37,4,,0,95,,6687,37,4,,0
1801,'2',840,,6688,16,4,,0,105,,6689,37,4,,0,105,,6690,37,4,,0,105,,6691,37,4,,0,145,,6692,37,4,,0,105,,6693,37,4,,0,105,,6694,37,4,,0,105,,6695,37,4,,0,105,,6696,37,4,,0,105,,6697,37,4,,0,105,,6698,37,4,,0,100,,6699,37,4,,0
1801,'5',735,,6700,37,4,,0,70,,6711,37,4,,0,35,,6701,37,4,,0,70,,6720,37,4,,0,35,,6702,37,4,,0,70,,6721,37,4,,0,35,,6703,37,4,,0,70,,6722,37,4,,0,35,,6704,37,4,,0,70,,6723,37,4,,0,75,,6705,37,4,,0,35,,6724,37,4,,0,75,,6706,37,4,,0,35,,6725,37,4,,0,75,,6707,37,4,,0,35,,6726,37,4,,0,75,,6708,37,4,,0,75,,6712,37,4,,0,35,,6709,37,4,,0,75,,6713,37,4,,0,35,,6710,37,4,,0,70,,6714,37,4,,0,105,,6715,37,4,,0,105,,6716,37,4,,0,100,,6717,37,4,,0,100,,6718,37,4,,0,95,,6719,37,4,,0
1900,'1',735,,6727,1,,,0,105,,6728,1,,,0,105,,6729,1,,,0,105,,6730,1,,,0,105,,6731,1,,,0,70,,6743,1,,,0,75,,6732,1,,,0,30,,6744,1,,,0,75,,6733,1,,,0,30,,6745,1,,,0,75,,6734,1,,,0,30,,6746,1,,,0,75,,6735,1,,,0,105,,6736,1,,,0,105,,6737,1,,,0,105,,6738,1,,,0,100,,6739,1,,,0,100,,6740,1,,,0,100,,6741,1,,,0,100,,6742,1,,,0
1900,'2',840,,6747,1,,,0,105,,6748,1,,,0,105,,6749,1,,,0,105,,6750,1,,,0,145,,6751,1,,,0,105,,6752,1,,,0,105,,6753,1,,,0,105,,6754,1,,,0,105,,6755,1,,,0,105,,6756,1,,,0,105,,6757,1,,,0
1900,'5',700,,6758,1,,,0,35,,6761,1,,,0,70,,6759,1,,,0,35,,6762,1,,,0,70,,6760,1,,,0,35,,6763,1,,,0,70,,6779,1,,,0,35,,6764,1,,,0,70,,6780,1,,,0,35,,6765,1,,,0,75,,6781,1,,,0,75,,6766,1,,,0,35,,6782,1,,,0,75,,6767,1,,,0,35,,6783,1,,,0,75,,6768,1,,,0,75,,6771,1,,,0,35,,6769,1,,,0,75,,6772,1,,,0,35,,6770,1,,,0,70,,6773,1,,,0,105,,6774,1,,,0,105,,6775,1,,,0,105,,6776,1,,,0,100,,6777,1,,,0,100,,6778,1,,,0
1901,'1',840,,6784,33,4,,0,105,,6785,33,4,,0,105,,6786,33,4,,0,105,,6787,33,4,,0,70,,6799,33,4,,0,75,,6788,33,4,,0,30,,6800,33,4,,0,75,,6789,33,4,,0,30,,6801,33,4,,0,75,,6790,33,4,,0,30,,6802,33,4,,0,75,,6791,33,4,,0,105,,6792,33,4,,0,105,,6793,33,4,,0,105,,6794,33,4,,0,100,,6795,33,4,,0,100,,6796,33,4,,0,100,,6797,33,4,,0,100,,6798,33,4,,0
1901,'2',945,,6803,33,4,,0,105,,6804,33,4,,0,105,,6805,33,4,,0,145,,6806,33,4,,0,105,,6807,33,4,,0,105,,6808,33,4,,0,105,,6809,33,4,,0,105,,6810,33,4,,0,105,,6811,33,4,,0,105,,6812,33,4,,0,100,,6813,33,4,,0
1901,'5',700,,6814,33,4,,0,35,,6816,33,4,,0,70,,6815,33,4,,0,35,,6818,33,4,,0,70,,6817,33,4,,0,35,,6819,33,4,,0,70,,6834,33,4,,0,35,,6820,33,4,,0,70,,6835,33,4,,0,35,,6821,33,4,,0,70,,6836,33,4,,0,75,,6822,33,4,,0,35,,6837,33,4,,0,75,,6823,33,4,,0,35,,6838,33,4,,0,75,,6824,33,4,,0,35,,6839,33,4,,0,75,,6825,33,4,,0,75,,6827,33,4,,0,35,,6826,33,4,,0,75,,6828,33,4,,0,105,,6829,33,4,,0,105,,6830,33,4,,0,105,,6831,33,4,,0,100,,6832,33,4,,0,100,,6833,33,4,,0
2000,'1',735,,6840,1,,,0,105,,6841,1,,,0,105,,6842,1,,,0,105,,6843,1,,,0,105,,6844,1,,,0,145,,6845,1,,,0,105,,6846,1,,,0,105,,6847,1,,,0,105,,6848,1,,,0,105,,6849,1,,,0,105,,6850,1,,,0,105,,6851,1,,,0,70,,6852,1,,,0,30,,6853,1,,,0,70,,6854,1,,,0,30,,6855,1,,,0
2000,'2',840,,6856,1,,,0,105,,6857,1,,,0,105,,6858,1,,,0,105,,6859,1,,,0,145,,6860,1,,,0,105,,6861,1,,,0,105,,6862,1,,,0,105,,6863,1,,,0,105,,6864,1,,,0,30,,6866,1,,,0,75,,6865,1,,,0
2000,'5',735,,6867,1,,,0,105,,6868,1,,,0,105,,6869,1,,,0,105,,6870,1,,,0,105,,6871,1,,,0,150,,6872,1,,,0,110,,6873,1,,,0,110,,6874,1,,,0,110,,6875,1,,,0,110,,6876,1,,,0,105,,6881,1,,,0,105,,6877,1,,,0,70,,6878,1,,,0,30,,6879,1,,,0,75,,6880,1,,,0
2001,'1',805,,6882,5,4,,0,105,,6883,5,4,,0,105,,6884,5,4,,0,105,,6885,5,4,,0,105,,6886,5,4,,0,105,,6887,5,4,,0,105,,6888,5,4,,0,105,,6889,5,4,,0,105,,6890,5,4,,0,105,,6891,5,4,,0,105,,6892,5,4,,0,145,,6893,5,4,,0,30,,6894,5,4,,0,70,,6895,5,4,,0,30,,6896,5,4,,0,70,,6897,5,4,,0
2001,'2',910,,6898,5,4,,0,105,,6899,5,4,,0,105,,6900,5,4,,0,105,,6901,5,4,,0,105,,6902,5,4,,0,105,,6903,5,4,,0,105,,6904,5,4,,0,105,,6905,5,4,,0,105,,6906,5,4,,0,70,,6908,5,4,,0,35,,6907,5,4,,0
2001,'5',805,,6909,5,4,,0,105,,6910,5,4,,0,105,,6911,5,4,,0,105,,6912,5,4,,0,105,,6913,5,4,,0,110,,6914,5,4,,0,110,,6915,5,4,,0,110,,6916,5,4,,0,150,,6917,5,4,,0,110,,6918,5,4,,0,105,,6923,5,4,,0,105,,6919,5,4,,0,30,,6920,5,4,,0,70,,6921,5,4,,0,75,,6922,5,4,,0
2100,'1',945,,6924,1,,,0,105,,6926,1,,,0,105,,6925,1,,,0,145,,6927,1,,,0,105,,6928,1,,,0,105,,6929,1,,,0,105,,6930,1,,,0,105,,6931,1,,,0,105,,6932,1,,,0,105,,6933,1,,,0,100,,6934,1,,,0,100,,6935,1,,,0,100,,6936,1,,,0
2100,'2',1050,,6938,1,,,0,105,,6937,1,,,0,145,,6939,1,,,0,105,,6940,1,,,0,105,,6941,1,,,0,105,,6942,1,,,0,105,,6943,1,,,0
2100,'5',630,,6944,1,,,0,105,,6945,1,,,0,105,,6946,1,,,0,105,,6947,1,,,0,105,,6948,1,,,0,105,,6949,1,,,0,150,,6950,1,,,0,110,,6951,1,,,0,110,,6952,1,,,0,110,,6953,1,,,0,110,,6954,1,,,0,70,,6955,1,,,0,105,,6956,1,,,0,105,,6957,1,,,0,105,,6958,1,,,0,100,,6959,1,,,0
2101,'1',945,,6960,7,4,,0,105,,6961,29,4,,0,105,,6962,29,4,,0,145,,6963,29,4,,0,105,,6964,29,4,,0,105,,6965,29,4,,0,105,,6966,29,4,,0,105,,6967,29,4,,0,105,,6968,29,4,,0,105,,6969,29,4,,0,100,,6970,29,4,,0,100,,6971,29,4,,0,100,,6972,29,4,,0,100,,6973,29,4,,0
2101,'2',1050,,6974,7,4,,0,105,,6975,29,4,,0,145,,6976,29,4,,0,105,,6977,29,4,,0,105,,6978,29,4,,0,105,,6979,29,4,,0,105,,6980,29,4,,0,105,,6981,29,4,,0
2101,'5',735,,6982,29,4,,0,105,,6983,29,4,,0,105,,6984,29,4,,0,105,,6985,29,4,,0,105,,6986,29,4,,0,145,,6987,29,4,,0,110,,6988,29,4,,0,110,,6989,29,4,,0,110,,6990,29,4,,0,110,,6991,29,4,,0,110,,6992,29,4,,0,70,,6993,29,4,,0,105,,6994,29,4,,0,105,,6995,29,4,,0,100,,6996,29,4,,0,100,,6997,29,4,,0
2200,'5',630,,6998,1,,,0,105,,6999,1,,,0,105,,7000,1,,,0,105,,7004,1,,,0,105,,7005,1,,,0,105,,7006,1,,,0,150,,7007,1,,,0,145,,7003,1,,,0,150,,7001,1,,,0,110,,7002,1,,,0
2201,'5',735,,7008,31,4,,0,105,,7009,31,4,,0,105,,7010,31,4,,0,105,,7014,31,4,,0,105,,7015,31,4,,0,145,,7016,31,4,,0,110,,7017,31,4,,0,145,,7013,31,4,,0,150,,7011,31,4,,0,110,,7012,31,4,,0
