200,'1',754,,5506,22,,,0,105,,5514,22,,,0,70,,5522,22,,,0,75,,5507,22,,,0,30,,5528,22,,,0,75,,5515,22,,,0,30,,5523,22,,,0,75,,5508,22,,,0,30,,5529,22,,,0,75,,5516,22,,,0,30,,5524,22,,,0,75,,5509,22,,,0,30,,5530,22,,,0,75,,5517,22,,,0,30,,5525,22,,,0,75,,5510,22,,,0,70,,5531,22,,,0,35,,5518,22,,,0,70,,5526,22,,,0,35,,5511,22,,,0,70,,5532,22,,,0,33,,5519,22,,,0,70,,5527,22,,,0,30,,5512,22,,,0,70,,5534,22,,,0,30,,5520,22,,,0,70,,5533,22,,,0,30,,5513,22,,,0,100,,5521,22,,,0
200,'2',859,,5540,22,,,0,145,,5535,22,,,0,30,,5549,22,,,0,75,,5541,22,,,0,30,,5546,22,,,0,75,,5536,22,,,0,30,,5550,22,,,0,75,,5542,22,,,0,30,,5547,22,,,0,75,,5537,22,,,0,30,,5551,22,,,0,75,,5543,22,,,0,30,,5548,22,,,0,75,,5538,22,,,0,70,,5552,22,,,0,35,,5544,22,,,0,70,,5553,22,,,0,35,,5539,22,,,0,70,,5554,22,,,0,33,,5545,22,,,0
200,'5',649,,5578,22,,,0,70,,5563,22,,,0,35,,5571,22,,,0,55,,5588,22,,,0,15,,5555,22,,,0,15,,5589,22,,,0,20,,5579,22,,,0,70,,5564,22,,,0,75,,5572,22,,,0,30,,5556,22,,,0,75,,5580,22,,,0,30,,5565,22,,,0,75,,5573,22,,,0,35,,5557,22,,,0,75,,5581,22,,,0,35,,5566,22,,,0,75,,5574,22,,,0,75,,5558,22,,,0,15,,5586,22,,,0,20,,5582,22,,,0,60,,5590,22,,,0,15,,5567,22,,,0,15,,5587,22,,,0,20,,5575,22,,,0,60,,5591,22,,,0,15,,5559,22,,,0,15,,5592,22,,,0,60,,5583,22,,,0,30,,5568,22,,,0,75,,5576,22,,,0,30,,5560,22,,,0,75,,5584,22,,,0,30,,5569,22,,,0,73,,5577,22,,,0,30,,5561,22,,,0,70,,5585,22,,,0,30,,5570,22,,,0,100,,5562,22,,,0
1000,'1',625,,5984,1,,,0,105,,5958,35,,,0,70,,5977,35,,,0,105,,5959,35,,,0,30,,5978,35,,,0,20,,5989,1,,,0,85,,5960,35,,,0,75,,5979,35,,,0,15,,5988,35,,,0,15,,5969,35,,,0,75,,5961,35,,,0,30,,5980,35,,,0,55,,5985,35,,,0,20,,5970,35,,,0,30,,5962,35,,,0,75,,5981,35,,,0,15,,5986,35,,,0,55,,5971,35,,,0,35,,5963,35,,,0,70,,5982,35,,,0,20,,5987,35,,,0,15,,5972,35,,,0,70,,5964,35,,,0,35,,5983,35,,,0,70,,5973,35,,,0,35,,5965,35,,,0,70,,5990,35,,,0,35,,5974,35,,,0,70,,5966,35,,,0,30,,5991,35,,,0,70,,5975,35,,,0,30,,5967,35,,,0,70,,5992,35,,,0,30,,5976,35,,,0,70,,5968,35,,,0
1000,'2',835,,6009,1,,,0,70,,5994,35,,,0,30,,6010,1,,,0,75,,6008,35,,,0,30,,5995,35,,,0,75,,6011,35,,,0,30,,6002,35,,,0,75,,5996,35,,,0,30,,6012,35,,,0,75,,6003,35,,,0,30,,5997,35,,,0,75,,6013,35,,,0,70,,6004,35,,,0,35,,5998,35,,,0,70,,6014,35,,,0,35,,6005,35,,,0,70,,5999,35,,,0,35,,6015,35,,,0,70,,6006,35,,,0,35,,6000,35,,,0,105,,6007,35,,,0,70,,6001,35,,,0
1000,'5',620,,6026,1,,,0,35,,6038,35,,,0,70,,6016,35,,,0,75,,6028,35,,,0,15,,6049,35,,,0,15,,6039,35,,,0,15,,6050,35,,,0,60,,6017,35,,,0,30,,6029,35,,,0,15,,6057,35,,,0,60,,6040,35,,,0,30,,6018,35,,,0,75,,6030,35,,,0,15,,6058,35,,,0,15,,6041,35,,,0,75,,6019,35,,,0,35,,6031,35,,,0,55,,6059,35,,,0,25,,6042,35,,,0,70,,6020,35,,,0,35,,6032,35,,,0,15,,6060,35,,,0,65,,6043,35,,,0,10,,6052,35,,,0,20,,6027,35,,,0,60,,6046,35,,,0,15,,6033,35,,,0,20,,6051,35,,,0,60,,6044,35,,,0,10,,6053,35,,,0,20,,6021,35,,,0,20,,6047,35,,,0,55,,6034,35,,,0,20,,6056,35,,,0,70,,6054,35,,,0,15,,6022,35,,,0,15,,6048,35,,,0,15,,6035,35,,,0,105,,6023,35,,,0,75,,6036,35,,,0,100,,6024,35,,,0,30,,6037,35,,,0,100,,6025,35,,,0
1500,'1',900,,6426,20,,,0,105,,6427,20,,,0,105,,6428,20,,,0,105,,6429,20,,,0,105,,6430,20,,,0,105,,6431,20,,,0,105,,6432,20,,,0,105,,6433,20,,,0,105,,6434,20,,,0,105,,6435,20,,,0,105,,6436,20,,,0,100,,6437,20,,,0,100,,6438,20,,,0,100,,6439,20,,,0
1500,'2',900,,6440,20,,,0,105,,6441,20,,,0,105,,6442,20,,,0,105,,6443,20,,,0,105,,6444,20,,,0,105,,6445,20,,,0,105,,6446,20,,,0,105,,6447,20,,,0,105,,6448,20,,,0,105,,6449,20,,,0,105,,6450,20,,,0
1500,'5',650,,6462,20,,,0,70,,6451,20,,,0,35,,6463,20,,,0,70,,6452,20,,,0,75,,6464,20,,,0,30,,6453,20,,,0,75,,6465,20,,,0,30,,6454,20,,,0,75,,6466,20,,,0,30,,6455,20,,,0,75,,6467,20,,,0,35,,6456,20,,,0,75,,6468,20,,,0,75,,6457,20,,,0,35,,6469,20,,,0,75,,6458,20,,,0,35,,6470,20,,,0,75,,6459,20,,,0,35,,6471,20,,,0,75,,6460,20,,,0,75,,6472,20,,,0,30,,6461,20,,,0,105,,6473,20,,,0,105,,6474,20,,,0,105,,6475,20,,,0,100,,6476,20,,,0
2901,'1',1123,,7126,22,,,0,105,,7127,22,,,0,105,,7128,22,,,0,105,,7129,22,,,0,105,,7130,22,,,0,105,,7131,22,,,0
2901,'2',1123,,7132,22,,,0,105,,7133,22,,,0,105,,7134,22,,,0,105,,7135,22,,,0,105,,7136,22,,,0,105,,7137,22,,,0
2901,'5',913,,7138,22,,,0,105,,7139,22,,,0,105,,7140,22,,,0,105,,7141,22,,,0,105,,7142,22,,,0,105,,7143,22,,,0,105,,7144,22,,,0,105,,7145,22,,,0,105,,7146,22,,,0,105,,7147,22,,,0,145,,7148,22,,,0
