100,'1',807,,5297,37,4,,0,105,,5298,37,4,,0,30,,5307,37,4,,0,75,,5299,37,4,,0,30,,5308,37,4,,0,75,,5300,37,4,,0,30,,5309,37,4,,0,75,,5301,37,4,,0,30,,5310,37,4,,0,75,,5302,37,4,,0,70,,5311,37,4,,0,35,,5303,37,4,,0,70,,5312,37,4,,0,35,,5304,37,4,,0,70,,5313,37,4,,0,35,,5305,37,4,,0,70,,5314,37,4,,0,35,,5306,37,4,,0,70,,5321,37,4,,0,35,,5315,37,4,,0,70,,5322,37,4,,0,73,,5316,37,4,,0,30,,5323,37,4,,0,70,,5317,37,4,,0,30,,5324,37,4,,0,70,,5318,37,4,,0,30,,5325,37,4,,0,70,,5319,37,4,,0,30,,5326,37,4,,0,70,,5320,37,4,,0
100,'2',912,,5327,37,4,,0,30,,5338,37,4,,0,75,,5328,37,4,,0,30,,5339,37,4,,0,75,,5329,37,4,,0,30,,5340,37,4,,0,75,,5330,37,4,,0,30,,5341,37,4,,0,75,,5331,37,4,,0,70,,5342,37,4,,0,35,,5332,37,4,,0,70,,5343,37,4,,0,35,,5333,37,4,,0,70,,5344,37,4,,0,35,,5334,37,4,,0,70,,5345,37,4,,0,35,,5335,37,4,,0,70,,5346,37,4,,0,35,,5336,37,4,,0,70,,5347,37,4,,0,73,,5337,37,4,,0
100,'5',702,,5358,38,4,,0,30,,5348,38,4,,0,13,,5385,38,4,,0,60,,5386,38,4,,0,10,,5359,38,4,,0,15,,5371,38,4,,0,15,,5349,38,4,,0,55,,5370,38,4,,0,20,,5369,38,4,,0,10,,5360,38,4,,0,20,,5372,38,4,,0,50,,5350,38,4,,0,25,,5373,38,4,,0,20,,5361,38,4,,0,55,,5392,8,4,,0,15,,5351,38,4,,0,25,,5374,38,4,,0,60,,5362,38,4,,0,15,,5387,38,4,,0,20,,5352,38,4,,0,20,,5375,38,4,,0,60,,5363,38,4,,0,15,,5388,38,4,,0,20,,5353,38,4,,0,60,,5376,38,4,,0,20,,5364,38,4,,0,10,,5380,38,4,,0,15,,5389,38,4,,0,50,,5354,38,4,,0,20,,5377,38,4,,0,20,,5365,38,4,,0,10,,5381,38,4,,0,55,,5390,38,4,,0,15,,5355,38,4,,0,15,,5378,38,4,,0,60,,5366,38,4,,0,10,,5382,38,4,,0,15,,5391,38,4,,0,15,,5356,38,4,,0,15,,5379,38,4,,0,52,,5367,37,4,,0,10,,5383,37,4,,0,30,,5357,37,4,,0,65,,5368,37,4,,0,40,,5384,37,4,,0,73,,5397,37,4,,0,32,,5393,37,4,,0,73,,5398,37,4,,0,70,,5394,37,4,,0,30,,5399,37,4,,0,70,,5395,37,4,,0,30,,5400,37,4,,0,70,,5396,37,4,,0
101,'1',807,,5401,1,,,0,105,,5402,1,,,0,30,,5411,1,,,0,75,,5403,1,,,0,30,,5412,1,,,0,75,,5404,1,,,0,30,,5413,1,,,0,75,,5405,1,,,0,30,,5414,1,,,0,75,,5406,1,,,0,70,,5415,1,,,0,35,,5407,1,,,0,70,,5416,1,,,0,35,,5408,1,,,0,70,,5417,1,,,0,35,,5409,1,,,0,70,,5418,1,,,0,35,,5410,1,,,0,70,,5425,1,,,0,35,,5419,1,,,0,70,,5426,1,,,0,73,,5420,1,,,0,30,,5427,1,,,0,70,,5421,1,,,0,30,,5428,1,,,0,70,,5422,1,,,0,30,,5429,1,,,0,70,,5423,1,,,0,30,,5430,1,,,0,70,,5424,1,,,0
101,'2',912,,5431,1,,,0,30,,5442,1,,,0,75,,5432,1,,,0,30,,5443,1,,,0,75,,5433,1,,,0,30,,5444,1,,,0,75,,5434,1,,,0,30,,5445,1,,,0,75,,5435,1,,,0,70,,5446,1,,,0,35,,5436,1,,,0,70,,5447,1,,,0,35,,5437,1,,,0,70,,5448,1,,,0,35,,5438,1,,,0,70,,5449,1,,,0,35,,5439,1,,,0,70,,5450,1,,,0,35,,5440,1,,,0,70,,5451,1,,,0,73,,5441,1,,,0
101,'5',630,,5452,1,,,0,72,,5463,1,,,0,30,,5453,1,,,0,13,,5476,1,,,0,60,,5474,1,,,0,10,,5464,1,,,0,15,,5478,1,,,0,15,,5454,1,,,0,55,,5477,1,,,0,20,,5475,1,,,0,10,,5465,1,,,0,20,,5479,1,,,0,50,,5455,1,,,0,25,,5480,1,,,0,20,,5466,1,,,0,55,,5492,1,,,0,15,,5456,1,,,0,25,,5481,1,,,0,60,,5467,1,,,0,15,,5493,1,,,0,20,,5457,1,,,0,20,,5482,1,,,0,60,,5468,1,,,0,15,,5494,1,,,0,20,,5458,1,,,0,60,,5483,1,,,0,20,,5469,1,,,0,10,,5487,1,,,0,15,,5495,1,,,0,50,,5459,1,,,0,20,,5484,1,,,0,20,,5470,1,,,0,10,,5488,1,,,0,55,,5496,1,,,0,15,,5460,1,,,0,15,,5485,1,,,0,60,,5471,1,,,0,10,,5489,1,,,0,15,,5497,1,,,0,15,,5461,1,,,0,15,,5486,1,,,0,52,,5472,1,,,0,10,,5490,1,,,0,30,,5462,1,,,0,65,,5473,1,,,0,40,,5491,1,,,0,73,,5502,1,,,0,32,,5498,1,,,0,73,,5503,1,,,0,70,,5499,1,,,0,30,,5504,1,,,0,70,,5500,1,,,0,30,,5505,1,,,0,70,,5501,1,,,0
1300,'5',810,,6339,16,4,,0,30,,6341,16,4,,0,75,,6340,16,4,,0
1301,'5',810,,6342,1,,,0,30,,6344,1,,,0,75,,6343,1,,,0
1400,'1',830,,6345,6,,,0,105,,6346,6,,,0,105,,6347,6,,,0,105,,6348,6,,,0,105,,6349,6,,,0,105,,6350,6,,,0,145,,6351,6,,,0,105,,6352,6,,,0,105,,6353,6,,,0
1400,'2',935,,6354,6,,,0,105,,6355,6,,,0,105,,6356,6,,,0,105,,6357,6,,,0,105,,6358,6,,,0,145,,6359,6,,,0,105,,6360,6,,,0
1400,'5',725,,6361,6,,,0,75,,6375,6,,,0,30,,6362,6,,,0,75,,6376,6,,,0,30,,6363,6,,,0,75,,6380,6,,,0,30,,6364,6,,,0,75,,6381,6,,,0,30,,6365,6,,,0,75,,6382,6,,,0,35,,6366,6,,,0,75,,6383,6,,,0,75,,6367,6,,,0,35,,6377,6,,,0,75,,6368,6,,,0,35,,6378,6,,,0,75,,6369,6,,,0,75,,6379,6,,,0,35,,6370,6,,,0,105,,6371,6,,,0,105,,6372,6,,,0,105,,6373,6,,,0,100,,6374,6,,,0
1401,'1',809,,6384,27,,,0,105,,6385,27,,,0,105,,6386,27,,,0,105,,6387,27,,,0,105,,6388,27,,,0,105,,6389,27,,,0,105,,6390,27,,,0,105,,6391,27,,,0,105,,6392,27,,,0,105,,6393,27,,,0
1401,'2',1019,,6394,27,,,0,105,,6395,27,,,0,105,,6396,27,,,0,105,,6397,27,,,0,105,,6398,27,,,0,105,,6399,27,,,0,105,,6400,27,,,0
1401,'5',704,,6401,27,,,0,35,,6416,27,,,0,70,,6402,27,,,0,35,,6417,27,,,0,70,,6403,27,,,0,35,,6418,27,,,0,70,,6404,27,,,0,35,,6422,27,,,0,70,,6405,27,,,0,35,,6423,27,,,0,70,,6406,27,,,0,75,,6424,27,,,0,35,,6407,27,,,0,75,,6425,27,,,0,35,,6408,27,,,0,75,,6419,27,,,0,35,,6409,27,,,0,75,,6420,27,,,0,75,,6410,27,,,0,35,,6421,27,,,0,75,,6411,27,,,0,105,,6412,27,,,0,105,,6413,27,,,0,101,,6414,27,,,0,100,,6415,27,,,0
