101,'1',808,,5401,3,,,0,105,,5402,3,,,0,30,,5411,3,,,0,75,,5403,3,,,0,30,,5412,3,,,0,75,,5404,3,,,0,30,,5413,3,,,0,75,,5405,3,,,0,30,,5414,3,,,0,75,,5406,3,,,0,70,,5415,3,,,0,35,,5407,3,,,0,70,,5416,3,,,0,35,,5408,3,,,0,70,,5417,3,,,0,35,,5409,3,,,0,70,,5418,3,,,0,35,,5410,3,,,0,70,,5425,3,,,0,35,,5419,3,,,0,70,,5426,3,,,0,72,,5420,3,,,0,30,,5427,3,,,0,70,,5421,3,,,0,30,,5428,3,,,0,70,,5422,3,,,0,30,,5429,3,,,0,70,,5423,3,,,0,30,,5430,3,,,0,70,,5424,3,,,0
101,'2',913,,5431,3,,,0,30,,5442,3,,,0,75,,5432,3,,,0,30,,5443,3,,,0,75,,5433,3,,,0,30,,5444,3,,,0,75,,5434,3,,,0,30,,5445,3,,,0,75,,5435,3,,,0,70,,5446,3,,,0,35,,5436,3,,,0,70,,5447,3,,,0,35,,5437,3,,,0,70,,5448,3,,,0,35,,5438,3,,,0,70,,5449,3,,,0,35,,5439,3,,,0,70,,5450,3,,,0,35,,5440,3,,,0,70,,5451,3,,,0,72,,5441,3,,,0
101,'5',630,,5452,3,,,0,73,,5463,3,,,0,30,,5453,3,,,0,13,,5476,3,,,0,60,,5474,3,,,0,10,,5464,3,,,0,15,,5478,3,,,0,15,,5454,3,,,0,55,,5477,3,,,0,20,,5475,3,,,0,10,,5465,3,,,0,20,,5479,3,,,0,50,,5455,3,,,0,25,,5480,3,,,0,20,,5466,3,,,0,55,,5492,3,,,0,15,,5456,3,,,0,25,,5481,3,,,0,60,,5467,3,,,0,15,,5493,3,,,0,20,,5457,3,,,0,20,,5482,3,,,0,60,,5468,3,,,0,15,,5494,3,,,0,20,,5458,3,,,0,60,,5483,3,,,0,20,,5469,3,,,0,10,,5487,3,,,0,15,,5495,3,,,0,50,,5459,3,,,0,20,,5484,3,,,0,20,,5470,3,,,0,10,,5488,3,,,0,55,,5496,3,,,0,15,,5460,3,,,0,15,,5485,3,,,0,60,,5471,3,,,0,10,,5489,3,,,0,15,,5497,3,,,0,15,,5461,3,,,0,15,,5486,3,,,0,52,,5472,3,,,0,10,,5490,3,,,0,30,,5462,3,,,0,65,,5473,3,,,0,40,,5491,3,,,0,73,,5502,3,,,0,32,,5498,3,,,0,72,,5503,3,,,0,70,,5499,3,,,0,30,,5504,3,,,0,70,,5500,3,,,0,30,,5505,3,,,0,71,,5501,3,,,0
900,'5',647,,5927,13,,,0,75,,5917,13,,,0,30,,5928,13,,,0,75,,5918,13,,,0,30,,5929,13,,,0,75,,5919,13,,,0,70,,5930,13,,,0,35,,5920,13,,,0,70,,5931,13,,,0,35,,5921,13,,,0,70,,5932,13,,,0,40,,5922,13,,,0,70,,5933,13,,,0,80,,5923,13,,,0,30,,5934,13,,,0,80,,5924,13,,,0,30,,5935,13,,,0,80,,5925,13,,,0,30,,5936,13,,,0,80,,5926,13,,,0
901,'5',705,,5937,37,,,0,30,,5948,37,,,0,75,,5938,37,,,0,30,,5949,37,,,0,75,,5939,37,,,0,30,,5950,37,,,0,75,,5940,37,,,0,30,,5951,37,,,0,75,,5941,37,,,0,30,,5952,37,,,0,75,,5942,37,,,0,70,,5953,37,,,0,40,,5943,37,,,0,70,,5954,37,,,0,40,,5944,37,,,0,70,,5955,37,,,0,80,,5945,37,,,0,30,,5956,37,,,0,80,,5946,37,,,0,30,,5957,37,,,0,80,,5947,37,,,0
1301,'5',811,,6342,3,,,0,30,,6344,3,,,0,75,,6343,3,,,0
1400,'1',830,,6345,8,,,0,105,,6346,8,,,0,105,,6347,8,,,0,105,,6348,8,,,0,105,,6349,8,,,0,105,,6350,8,,,0,145,,6351,8,,,0,105,,6352,8,,,0,105,,6353,8,,,0
1400,'2',935,,6354,8,,,0,105,,6355,8,,,0,105,,6356,8,,,0,105,,6357,8,,,0,105,,6358,8,,,0,145,,6359,8,,,0,105,,6360,8,,,0
1400,'5',725,,6361,8,,,0,75,,6375,8,,,0,30,,6362,8,,,0,75,,6376,8,,,0,30,,6363,8,,,0,75,,6380,8,,,0,30,,6364,8,,,0,75,,6381,8,,,0,30,,6365,8,,,0,75,,6382,8,,,0,35,,6366,8,,,0,75,,6383,8,,,0,75,,6367,8,,,0,35,,6377,8,,,0,75,,6368,8,,,0,35,,6378,8,,,0,75,,6369,8,,,0,75,,6379,8,,,0,35,,6370,8,,,0,105,,6371,8,,,0,105,,6372,8,,,0,105,,6373,8,,,0,100,,6374,8,,,0
1401,'1',811,,6384,29,,,0,105,,6385,29,,,0,105,,6386,29,,,0,105,,6387,29,,,0,105,,6388,29,,,0,105,,6389,29,,,0,105,,6390,29,,,0,105,,6391,29,,,0,105,,6392,29,,,0,105,,6393,29,,,0
1401,'2',1021,,6394,29,,,0,105,,6395,29,,,0,105,,6396,29,,,0,105,,6397,29,,,0,105,,6398,29,,,0,105,,6399,29,,,0,105,,6400,29,,,0
1401,'5',706,,6401,29,,,0,35,,6416,29,,,0,70,,6402,29,,,0,35,,6417,29,,,0,70,,6403,29,,,0,35,,6418,29,,,0,70,,6404,29,,,0,35,,6422,29,,,0,70,,6405,29,,,0,75,,6423,29,,,0,30,,6406,29,,,0,75,,6424,29,,,0,35,,6407,29,,,0,75,,6425,29,,,0,35,,6408,29,,,0,75,,6419,29,,,0,75,,6409,29,,,0,35,,6420,29,,,0,75,,6410,29,,,0,35,,6421,29,,,0,75,,6411,29,,,0,105,,6412,29,,,0,105,,6413,29,,,0,100,,6414,29,,,0,100,,6415,29,,,0
2300,'1',1000,,7018,15,,,0,105,,7019,15,,,0,105,,7020,15,,,0,105,,7021,15,,,0,105,,7022,15,,,0,105,,7023,15,,,0,105,,7024,15,,,0,105,,7025,15,,,0
2300,'2',1000,,7026,15,,,0,105,,7027,15,,,0,105,,7028,15,,,0,105,,7029,15,,,0,105,,7030,15,,,0,105,,7031,15,,,0,105,,7032,15,,,0
2300,'5',1830,,7043,15,,,0,105,,7044,15,,,0,105,,7045,15,,,0,102,,7046,15,,,0,100,,7047,15,,,0
2301,'1',1031,,7058,22,,,0,105,,7059,22,,,0,105,,7060,22,,,0,105,,7061,22,,,0,105,,7062,22,,,0,105,,7063,22,,,0,145,,7064,22,,,0,105,,7065,22,,,0
2301,'2',1031,,7066,22,,,0,105,,7067,22,,,0,105,,7068,22,,,0,105,,7069,22,,,0,105,,7070,22,,,0,105,,7071,22,,,0,145,,7072,22,,,0
2301,'5',1901,,7084,22,,,0,105,,7085,22,,,0,105,,7086,22,,,0,103,,7087,22,,,0,100,,7088,22,,,0
2901,'1',1102,,7126,5,,,0,105,,7127,5,,,0,105,,7128,5,,,0,105,,7129,5,,,0,105,,7130,5,,,0,105,,7131,5,,,0
2901,'2',1102,,7132,5,,,0,105,,7133,5,,,0,105,,7134,5,,,0,105,,7135,5,,,0,105,,7136,5,,,0,105,,7137,5,,,0
2901,'5',852,,7138,5,,,0,105,,7139,5,,,0,145,,7140,5,,,0,105,,7141,5,,,0,105,,7142,5,,,0,105,,7143,5,,,0,105,,7144,5,,,0,105,,7145,5,,,0,105,,7146,5,,,0,105,,7147,5,,,0,105,,7148,5,,,0
