200,'1',752,,5506,20,,,0,105,,5514,20,,,0,70,,5522,20,,,0,75,,5507,20,,,0,30,,5528,20,,,0,75,,5515,20,,,0,30,,5523,20,,,0,75,,5508,20,,,0,30,,5529,20,,,0,75,,5516,20,,,0,30,,5524,20,,,0,75,,5509,20,,,0,30,,5530,20,,,0,75,,5517,20,,,0,30,,5525,20,,,0,75,,5510,20,,,0,70,,5531,20,,,0,35,,5518,20,,,0,70,,5526,20,,,0,35,,5511,20,,,0,70,,5532,20,,,0,34,,5519,20,,,0,70,,5527,20,,,0,30,,5512,20,,,0,70,,5534,20,,,0,30,,5520,20,,,0,70,,5533,20,,,0,30,,5513,20,,,0,100,,5521,20,,,0
200,'2',857,,5540,20,,,0,145,,5535,20,,,0,30,,5549,20,,,0,75,,5541,20,,,0,30,,5546,20,,,0,75,,5536,20,,,0,30,,5550,20,,,0,75,,5542,20,,,0,30,,5547,20,,,0,75,,5537,20,,,0,30,,5551,20,,,0,75,,5543,20,,,0,30,,5548,20,,,0,75,,5538,20,,,0,70,,5552,20,,,0,35,,5544,20,,,0,70,,5553,20,,,0,35,,5539,20,,,0,70,,5554,20,,,0,34,,5545,20,,,0
200,'5',647,,5578,20,,,0,70,,5563,20,,,0,35,,5571,20,,,0,55,,5588,20,,,0,15,,5555,20,,,0,15,,5589,20,,,0,20,,5579,20,,,0,70,,5564,20,,,0,75,,5572,20,,,0,30,,5556,20,,,0,75,,5580,20,,,0,30,,5565,20,,,0,75,,5573,20,,,0,35,,5557,20,,,0,75,,5581,20,,,0,35,,5566,20,,,0,75,,5574,20,,,0,75,,5558,20,,,0,15,,5586,20,,,0,20,,5582,20,,,0,60,,5590,20,,,0,15,,5567,20,,,0,15,,5587,20,,,0,20,,5575,20,,,0,60,,5591,20,,,0,15,,5559,20,,,0,15,,5592,20,,,0,60,,5583,20,,,0,30,,5568,20,,,0,75,,5576,20,,,0,30,,5560,20,,,0,75,,5584,20,,,0,30,,5569,20,,,0,74,,5577,20,,,0,30,,5561,20,,,0,70,,5585,20,,,0,30,,5570,20,,,0,100,,5562,20,,,0
1000,'1',727,,5958,33,,,0,30,,5977,33,,,0,145,,5959,33,,,0,30,,5978,33,,,0,105,,5960,33,,,0,75,,5979,33,,,0,15,,5988,33,,,0,15,,5969,33,,,0,75,,5961,33,,,0,30,,5980,33,,,0,55,,5985,33,,,0,20,,5970,33,,,0,30,,5962,33,,,0,75,,5981,33,,,0,13,,5986,33,,,0,17,,5971,33,,,0,75,,5963,33,,,0,70,,5982,33,,,0,18,,5987,33,,,0,17,,5972,33,,,0,70,,5964,33,,,0,35,,5983,33,,,0,70,,5973,33,,,0,35,,5965,33,,,0,70,,5990,33,,,0,35,,5974,33,,,0,70,,5966,33,,,0,30,,5991,33,,,0,70,,5975,33,,,0,30,,5967,33,,,0,70,,5992,33,,,0,30,,5976,33,,,0,70,,5968,33,,,0
1000,'2',902,,5994,33,,,0,105,,6008,33,,,0,30,,5995,33,,,0,75,,6011,33,,,0,30,,6002,33,,,0,75,,5996,33,,,0,30,,6012,33,,,0,75,,6003,33,,,0,30,,5997,33,,,0,75,,6013,33,,,0,30,,6004,33,,,0,75,,5998,33,,,0,70,,6014,33,,,0,35,,6005,33,,,0,70,,5999,33,,,0,35,,6015,33,,,0,70,,6006,33,,,0,35,,6000,33,,,0,105,,6007,33,,,0,70,,6001,33,,,0
1000,'5',652,,6038,33,,,0,70,,6016,33,,,0,35,,6028,33,,,0,55,,6049,33,,,0,15,,6039,33,,,0,15,,6050,33,,,0,60,,6017,33,,,0,30,,6029,33,,,0,15,,6057,33,,,0,60,,6040,33,,,0,30,,6018,33,,,0,75,,6030,33,,,0,15,,6058,33,,,0,15,,6041,33,,,0,75,,6019,33,,,0,35,,6031,33,,,0,55,,6059,33,,,0,23,,6042,33,,,0,72,,6020,33,,,0,35,,6032,33,,,0,15,,6060,33,,,0,63,,6043,33,,,0,12,,6052,33,,,0,20,,6027,33,,,0,60,,6046,33,,,0,15,,6033,33,,,0,18,,6051,33,,,0,60,,6044,33,,,0,10,,6053,33,,,0,22,,6021,33,,,0,20,,6047,33,,,0,55,,6034,33,,,0,18,,6056,33,,,0,30,,6054,33,,,0,57,,6022,33,,,0,15,,6048,33,,,0,15,,6035,33,,,0,105,,6023,33,,,0,75,,6036,33,,,0,100,,6024,33,,,0,30,,6037,33,,,0,100,,6025,33,,,0
1500,'1',858,,6426,18,,,0,145,,6427,18,,,0,105,,6428,18,,,0,105,,6429,18,,,0,105,,6430,18,,,0,105,,6431,18,,,0,105,,6432,18,,,0,105,,6433,18,,,0,105,,6434,18,,,0,105,,6435,18,,,0,105,,6436,18,,,0,100,,6437,18,,,0,100,,6438,18,,,0,100,,6439,18,,,0
1500,'2',858,,6440,18,,,0,145,,6441,18,,,0,105,,6442,18,,,0,105,,6443,18,,,0,105,,6444,18,,,0,105,,6445,18,,,0,105,,6446,18,,,0,105,,6447,18,,,0,105,,6448,18,,,0,105,,6449,18,,,0,105,,6450,18,,,0
1500,'5',648,,6462,18,,,0,70,,6451,18,,,0,35,,6463,18,,,0,70,,6452,18,,,0,35,,6464,18,,,0,70,,6453,18,,,0,75,,6465,18,,,0,30,,6454,18,,,0,75,,6466,18,,,0,30,,6455,18,,,0,75,,6467,18,,,0,35,,6456,18,,,0,75,,6468,18,,,0,35,,6457,18,,,0,75,,6469,18,,,0,75,,6458,18,,,0,35,,6470,18,,,0,75,,6459,18,,,0,35,,6471,18,,,0,75,,6460,18,,,0,75,,6472,18,,,0,30,,6461,18,,,0,105,,6473,18,,,0,105,,6474,18,,,0,105,,6475,18,,,0,100,,6476,18,,,0
2901,'1',1121,,7126,20,,,0,105,,7127,20,,,0,105,,7128,20,,,0,105,,7129,20,,,0,105,,7130,20,,,0,105,,7131,20,,,0
2901,'2',1121,,7132,20,,,0,105,,7133,20,,,0,105,,7134,20,,,0,105,,7135,20,,,0,105,,7136,20,,,0,105,,7137,20,,,0
2901,'5',911,,7138,20,,,0,105,,7139,20,,,0,105,,7140,20,,,0,105,,7141,20,,,0,105,,7142,20,,,0,105,,7143,20,,,0,105,,7144,20,,,0,105,,7145,20,,,0,105,,7146,20,,,0,105,,7147,20,,,0,145,,7148,20,,,0
