200,'1',753,,5506,21,,,0,105,,5514,21,,,0,70,,5522,21,,,0,75,,5507,21,,,0,30,,5528,21,,,0,75,,5515,21,,,0,30,,5523,21,,,0,75,,5508,21,,,0,30,,5529,21,,,0,75,,5516,21,,,0,30,,5524,21,,,0,75,,5509,21,,,0,30,,5530,21,,,0,75,,5517,21,,,0,30,,5525,21,,,0,75,,5510,21,,,0,70,,5531,21,,,0,35,,5518,21,,,0,70,,5526,21,,,0,35,,5511,21,,,0,70,,5532,21,,,0,34,,5519,21,,,0,70,,5527,21,,,0,30,,5512,21,,,0,70,,5534,21,,,0,30,,5520,21,,,0,70,,5533,21,,,0,30,,5513,21,,,0,100,,5521,21,,,0
200,'2',858,,5540,21,,,0,145,,5535,21,,,0,30,,5549,21,,,0,75,,5541,21,,,0,30,,5546,21,,,0,75,,5536,21,,,0,30,,5550,21,,,0,75,,5542,21,,,0,30,,5547,21,,,0,75,,5537,21,,,0,30,,5551,21,,,0,75,,5543,21,,,0,30,,5548,21,,,0,75,,5538,21,,,0,70,,5552,21,,,0,35,,5544,21,,,0,70,,5553,21,,,0,35,,5539,21,,,0,70,,5554,21,,,0,34,,5545,21,,,0
200,'5',648,,5578,21,,,0,70,,5563,21,,,0,35,,5571,21,,,0,55,,5588,21,,,0,15,,5555,21,,,0,15,,5589,21,,,0,20,,5579,21,,,0,70,,5564,21,,,0,75,,5572,21,,,0,30,,5556,21,,,0,75,,5580,21,,,0,30,,5565,21,,,0,75,,5573,21,,,0,35,,5557,21,,,0,75,,5581,21,,,0,35,,5566,21,,,0,75,,5574,21,,,0,75,,5558,21,,,0,15,,5586,21,,,0,20,,5582,21,,,0,60,,5590,21,,,0,15,,5567,21,,,0,15,,5587,21,,,0,20,,5575,21,,,0,60,,5591,21,,,0,15,,5559,21,,,0,15,,5592,21,,,0,60,,5583,21,,,0,30,,5568,21,,,0,75,,5576,21,,,0,30,,5560,21,,,0,75,,5584,21,,,0,30,,5569,21,,,0,74,,5577,21,,,0,30,,5561,21,,,0,70,,5585,21,,,0,30,,5570,21,,,0,100,,5562,21,,,0
1000,'1',728,,5958,34,,,0,30,,5977,34,,,0,145,,5959,34,,,0,30,,5978,34,,,0,105,,5960,34,,,0,75,,5979,34,,,0,15,,5988,34,,,0,15,,5969,34,,,0,75,,5961,34,,,0,30,,5980,34,,,0,55,,5985,34,,,0,20,,5970,34,,,0,30,,5962,34,,,0,75,,5981,34,,,0,14,,5986,34,,,0,16,,5971,34,,,0,75,,5963,34,,,0,70,,5982,34,,,0,19,,5987,34,,,0,16,,5972,34,,,0,70,,5964,34,,,0,35,,5983,34,,,0,70,,5973,34,,,0,35,,5965,34,,,0,70,,5990,34,,,0,35,,5974,34,,,0,70,,5966,34,,,0,30,,5991,34,,,0,70,,5975,34,,,0,30,,5967,34,,,0,70,,5992,34,,,0,30,,5976,34,,,0,70,,5968,34,,,0
1000,'2',903,,5994,34,,,0,105,,6008,34,,,0,30,,5995,34,,,0,75,,6011,34,,,0,30,,6002,34,,,0,75,,5996,34,,,0,30,,6012,34,,,0,75,,6003,34,,,0,30,,5997,34,,,0,75,,6013,34,,,0,30,,6004,34,,,0,75,,5998,34,,,0,70,,6014,34,,,0,35,,6005,34,,,0,70,,5999,34,,,0,35,,6015,34,,,0,70,,6006,34,,,0,35,,6000,34,,,0,105,,6007,34,,,0,70,,6001,34,,,0
1000,'5',653,,6038,34,,,0,70,,6016,34,,,0,35,,6028,34,,,0,55,,6049,34,,,0,15,,6039,34,,,0,15,,6050,34,,,0,60,,6017,34,,,0,30,,6029,34,,,0,15,,6057,34,,,0,60,,6040,34,,,0,30,,6018,34,,,0,75,,6030,34,,,0,15,,6058,34,,,0,15,,6041,34,,,0,75,,6019,34,,,0,35,,6031,34,,,0,55,,6059,34,,,0,24,,6042,34,,,0,71,,6020,34,,,0,35,,6032,34,,,0,15,,6060,34,,,0,64,,6043,34,,,0,11,,6052,34,,,0,20,,6027,34,,,0,60,,6046,34,,,0,15,,6033,34,,,0,19,,6051,34,,,0,60,,6044,34,,,0,10,,6053,34,,,0,21,,6021,34,,,0,20,,6047,34,,,0,55,,6034,34,,,0,19,,6056,34,,,0,30,,6054,34,,,0,56,,6022,34,,,0,15,,6048,34,,,0,15,,6035,34,,,0,105,,6023,34,,,0,75,,6036,34,,,0,100,,6024,34,,,0,30,,6037,34,,,0,100,,6025,34,,,0
1500,'1',859,,6426,19,,,0,145,,6427,19,,,0,105,,6428,19,,,0,105,,6429,19,,,0,105,,6430,19,,,0,105,,6431,19,,,0,105,,6432,19,,,0,105,,6433,19,,,0,105,,6434,19,,,0,105,,6435,19,,,0,105,,6436,19,,,0,100,,6437,19,,,0,100,,6438,19,,,0,100,,6439,19,,,0
1500,'2',859,,6440,19,,,0,145,,6441,19,,,0,105,,6442,19,,,0,105,,6443,19,,,0,105,,6444,19,,,0,105,,6445,19,,,0,105,,6446,19,,,0,105,,6447,19,,,0,105,,6448,19,,,0,105,,6449,19,,,0,105,,6450,19,,,0
1500,'5',649,,6462,19,,,0,70,,6451,19,,,0,35,,6463,19,,,0,70,,6452,19,,,0,35,,6464,19,,,0,70,,6453,19,,,0,75,,6465,19,,,0,30,,6454,19,,,0,75,,6466,19,,,0,30,,6455,19,,,0,75,,6467,19,,,0,35,,6456,19,,,0,75,,6468,19,,,0,35,,6457,19,,,0,75,,6469,19,,,0,75,,6458,19,,,0,35,,6470,19,,,0,75,,6459,19,,,0,35,,6471,19,,,0,75,,6460,19,,,0,75,,6472,19,,,0,30,,6461,19,,,0,105,,6473,19,,,0,105,,6474,19,,,0,105,,6475,19,,,0,100,,6476,19,,,0
2901,'1',1122,,7126,21,,,0,105,,7127,21,,,0,105,,7128,21,,,0,105,,7129,21,,,0,105,,7130,21,,,0,105,,7131,21,,,0
2901,'2',1122,,7132,21,,,0,105,,7133,21,,,0,105,,7134,21,,,0,105,,7135,21,,,0,105,,7136,21,,,0,105,,7137,21,,,0
2901,'5',912,,7138,21,,,0,105,,7139,21,,,0,105,,7140,21,,,0,105,,7141,21,,,0,105,,7142,21,,,0,105,,7143,21,,,0,105,,7144,21,,,0,105,,7145,21,,,0,105,,7146,21,,,0,105,,7147,21,,,0,145,,7148,21,,,0
