101,'1',807,,5401,2,,,0,105,,5402,2,,,0,30,,5411,2,,,0,75,,5403,2,,,0,30,,5412,2,,,0,75,,5404,2,,,0,30,,5413,2,,,0,75,,5405,2,,,0,30,,5414,2,,,0,75,,5406,2,,,0,70,,5415,2,,,0,35,,5407,2,,,0,70,,5416,2,,,0,35,,5408,2,,,0,70,,5417,2,,,0,35,,5409,2,,,0,70,,5418,2,,,0,35,,5410,2,,,0,70,,5425,2,,,0,35,,5419,2,,,0,70,,5426,2,,,0,73,,5420,2,,,0,30,,5427,2,,,0,70,,5421,2,,,0,30,,5428,2,,,0,70,,5422,2,,,0,30,,5429,2,,,0,70,,5423,2,,,0,30,,5430,2,,,0,70,,5424,2,,,0
101,'2',912,,5431,2,,,0,30,,5442,2,,,0,75,,5432,2,,,0,30,,5443,2,,,0,75,,5433,2,,,0,30,,5444,2,,,0,75,,5434,2,,,0,30,,5445,2,,,0,75,,5435,2,,,0,70,,5446,2,,,0,35,,5436,2,,,0,70,,5447,2,,,0,35,,5437,2,,,0,70,,5448,2,,,0,35,,5438,2,,,0,70,,5449,2,,,0,35,,5439,2,,,0,70,,5450,2,,,0,35,,5440,2,,,0,70,,5451,2,,,0,73,,5441,2,,,0
101,'5',630,,5452,2,,,0,72,,5463,2,,,0,30,,5453,2,,,0,13,,5476,2,,,0,60,,5474,2,,,0,10,,5464,2,,,0,15,,5478,2,,,0,15,,5454,2,,,0,55,,5477,2,,,0,20,,5475,2,,,0,10,,5465,2,,,0,20,,5479,2,,,0,50,,5455,2,,,0,25,,5480,2,,,0,20,,5466,2,,,0,55,,5492,2,,,0,15,,5456,2,,,0,25,,5481,2,,,0,60,,5467,2,,,0,15,,5493,2,,,0,20,,5457,2,,,0,20,,5482,2,,,0,60,,5468,2,,,0,15,,5494,2,,,0,20,,5458,2,,,0,60,,5483,2,,,0,20,,5469,2,,,0,10,,5487,2,,,0,15,,5495,2,,,0,50,,5459,2,,,0,20,,5484,2,,,0,20,,5470,2,,,0,10,,5488,2,,,0,55,,5496,2,,,0,15,,5460,2,,,0,15,,5485,2,,,0,60,,5471,2,,,0,10,,5489,2,,,0,15,,5497,2,,,0,15,,5461,2,,,0,15,,5486,2,,,0,52,,5472,2,,,0,10,,5490,2,,,0,30,,5462,2,,,0,65,,5473,2,,,0,40,,5491,2,,,0,73,,5502,2,,,0,32,,5498,2,,,0,73,,5503,2,,,0,70,,5499,2,,,0,30,,5504,2,,,0,70,,5500,2,,,0,30,,5505,2,,,0,70,,5501,2,,,0
900,'5',647,,5927,12,,,0,75,,5917,12,,,0,30,,5928,12,,,0,75,,5918,12,,,0,30,,5929,12,,,0,75,,5919,12,,,0,70,,5930,12,,,0,35,,5920,12,,,0,70,,5931,12,,,0,35,,5921,12,,,0,70,,5932,12,,,0,40,,5922,12,,,0,70,,5933,12,,,0,80,,5923,12,,,0,30,,5934,12,,,0,80,,5924,12,,,0,30,,5935,12,,,0,80,,5925,12,,,0,30,,5936,12,,,0,80,,5926,12,,,0
901,'5',705,,5937,36,,,0,30,,5948,36,,,0,75,,5938,36,,,0,30,,5949,36,,,0,75,,5939,36,,,0,30,,5950,36,,,0,75,,5940,36,,,0,30,,5951,36,,,0,75,,5941,36,,,0,30,,5952,36,,,0,75,,5942,36,,,0,70,,5953,36,,,0,40,,5943,36,,,0,70,,5954,36,,,0,40,,5944,36,,,0,70,,5955,36,,,0,80,,5945,36,,,0,30,,5956,36,,,0,80,,5946,36,,,0,30,,5957,36,,,0,80,,5947,36,,,0
1301,'5',810,,6342,2,,,0,30,,6344,2,,,0,75,,6343,2,,,0
1400,'1',830,,6345,7,,,0,105,,6346,7,,,0,105,,6347,7,,,0,105,,6348,7,,,0,105,,6349,7,,,0,105,,6350,7,,,0,145,,6351,7,,,0,105,,6352,7,,,0,105,,6353,7,,,0
1400,'2',935,,6354,7,,,0,105,,6355,7,,,0,105,,6356,7,,,0,105,,6357,7,,,0,105,,6358,7,,,0,145,,6359,7,,,0,105,,6360,7,,,0
1400,'5',725,,6361,7,,,0,75,,6375,7,,,0,30,,6362,7,,,0,75,,6376,7,,,0,30,,6363,7,,,0,75,,6380,7,,,0,30,,6364,7,,,0,75,,6381,7,,,0,30,,6365,7,,,0,75,,6382,7,,,0,35,,6366,7,,,0,75,,6383,7,,,0,75,,6367,7,,,0,35,,6377,7,,,0,75,,6368,7,,,0,35,,6378,7,,,0,75,,6369,7,,,0,75,,6379,7,,,0,35,,6370,7,,,0,105,,6371,7,,,0,105,,6372,7,,,0,105,,6373,7,,,0,100,,6374,7,,,0
1401,'1',811,,6384,28,,,0,105,,6385,28,,,0,105,,6386,28,,,0,105,,6387,28,,,0,105,,6388,28,,,0,105,,6389,28,,,0,105,,6390,28,,,0,105,,6391,28,,,0,105,,6392,28,,,0,105,,6393,28,,,0
1401,'2',1021,,6394,28,,,0,105,,6395,28,,,0,105,,6396,28,,,0,105,,6397,28,,,0,105,,6398,28,,,0,105,,6399,28,,,0,105,,6400,28,,,0
1401,'5',706,,6401,28,,,0,35,,6416,28,,,0,70,,6402,28,,,0,35,,6417,28,,,0,70,,6403,28,,,0,35,,6418,28,,,0,70,,6404,28,,,0,35,,6422,28,,,0,70,,6405,28,,,0,75,,6423,28,,,0,30,,6406,28,,,0,75,,6424,28,,,0,35,,6407,28,,,0,75,,6425,28,,,0,35,,6408,28,,,0,75,,6419,28,,,0,75,,6409,28,,,0,35,,6420,28,,,0,75,,6410,28,,,0,35,,6421,28,,,0,75,,6411,28,,,0,105,,6412,28,,,0,105,,6413,28,,,0,99,,6414,28,,,0,100,,6415,28,,,0
2300,'1',1000,,7018,14,,,0,105,,7019,14,,,0,105,,7020,14,,,0,105,,7021,14,,,0,105,,7022,14,,,0,105,,7023,14,,,0,105,,7024,14,,,0,105,,7025,14,,,0
2300,'2',1000,,7026,14,,,0,105,,7027,14,,,0,105,,7028,14,,,0,105,,7029,14,,,0,105,,7030,14,,,0,105,,7031,14,,,0,105,,7032,14,,,0
2300,'5',1830,,7043,14,,,0,105,,7044,14,,,0,105,,7045,14,,,0,102,,7046,14,,,0,100,,7047,14,,,0
2301,'1',1030,,7058,21,,,0,105,,7059,21,,,0,105,,7060,21,,,0,105,,7061,21,,,0,105,,7062,21,,,0,105,,7063,21,,,0,145,,7064,21,,,0,105,,7065,21,,,0
2301,'2',1030,,7066,21,,,0,105,,7067,21,,,0,105,,7068,21,,,0,105,,7069,21,,,0,105,,7070,21,,,0,105,,7071,21,,,0,145,,7072,21,,,0
2301,'5',1900,,7084,21,,,0,105,,7085,21,,,0,105,,7086,21,,,0,103,,7087,21,,,0,100,,7088,21,,,0
2901,'1',1101,,7126,4,,,0,105,,7127,4,,,0,105,,7128,4,,,0,105,,7129,4,,,0,105,,7130,4,,,0,105,,7131,4,,,0
2901,'2',1101,,7132,4,,,0,105,,7133,4,,,0,105,,7134,4,,,0,105,,7135,4,,,0,105,,7136,4,,,0,105,,7137,4,,,0
2901,'5',851,,7138,4,,,0,105,,7139,4,,,0,145,,7140,4,,,0,105,,7141,4,,,0,105,,7142,4,,,0,105,,7143,4,,,0,105,,7144,4,,,0,105,,7145,4,,,0,105,,7146,4,,,0,105,,7147,4,,,0,105,,7148,4,,,0
