900,'5',645,,5927,10,,,0,75,,5917,10,,,0,30,,5928,10,,,0,75,,5918,10,,,0,30,,5929,10,,,0,75,,5919,10,,,0,70,,5930,10,,,0,35,,5920,10,,,0,70,,5931,10,,,0,35,,5921,10,,,0,70,,5932,10,,,0,40,,5922,10,,,0,70,,5933,10,,,0,80,,5923,10,,,0,30,,5934,10,,,0,80,,5924,10,,,0,30,,5935,10,,,0,80,,5925,10,,,0,30,,5936,10,,,0,80,,5926,10,,,0
901,'5',702,,5937,34,,,0,30,,5948,34,,,0,75,,5938,34,,,0,30,,5949,34,,,0,75,,5939,34,,,0,30,,5950,34,,,0,75,,5940,34,,,0,30,,5951,34,,,0,75,,5941,34,,,0,30,,5952,34,,,0,75,,5942,34,,,0,30,,5953,34,,,0,80,,5943,34,,,0,70,,5954,34,,,0,40,,5944,34,,,0,70,,5955,34,,,0,40,,5945,34,,,0,70,,5956,34,,,0,80,,5946,34,,,0,30,,5957,34,,,0,80,,5947,34,,,0
1401,'1',807,,6384,25,,,0,105,,6385,25,,,0,105,,6386,25,,,0,105,,6387,25,,,0,105,,6388,25,,,0,105,,6389,25,,,0,105,,6390,25,,,0,105,,6391,25,,,0,105,,6392,25,,,0,105,,6393,25,,,0
1401,'2',1017,,6394,25,,,0,105,,6395,25,,,0,105,,6396,25,,,0,105,,6397,25,,,0,105,,6398,25,,,0,105,,6399,25,,,0,105,,6400,25,,,0
1401,'5',702,,6401,25,,,0,35,,6416,25,,,0,70,,6402,25,,,0,35,,6417,25,,,0,70,,6403,25,,,0,35,,6418,25,,,0,70,,6404,25,,,0,35,,6422,25,,,0,70,,6405,25,,,0,35,,6423,25,,,0,70,,6406,25,,,0,75,,6424,25,,,0,35,,6407,25,,,0,75,,6425,25,,,0,35,,6408,25,,,0,75,,6419,25,,,0,35,,6409,25,,,0,75,,6420,25,,,0,75,,6410,25,,,0,35,,6421,25,,,0,75,,6411,25,,,0,105,,6412,25,,,0,105,,6413,25,,,0,100,,6414,25,,,0,100,,6415,25,,,0
2300,'1',959,,7018,12,,,0,145,,7019,12,,,0,105,,7020,12,,,0,105,,7021,12,,,0,105,,7022,12,,,0,105,,7023,12,,,0,105,,7024,12,,,0,105,,7025,12,,,0
2300,'2',959,,7026,12,,,0,145,,7027,12,,,0,105,,7028,12,,,0,105,,7029,12,,,0,105,,7030,12,,,0,105,,7031,12,,,0,105,,7032,12,,,0
2300,'5',1829,,7043,12,,,0,105,,7044,12,,,0,105,,7045,12,,,0,102,,7046,12,,,0,100,,7047,12,,,0
2301,'1',1029,,7058,19,,,0,105,,7059,19,,,0,105,,7060,19,,,0,105,,7061,19,,,0,105,,7062,19,,,0,105,,7063,19,,,0,105,,7064,19,,,0,145,,7065,19,,,0
2301,'2',1029,,7066,19,,,0,105,,7067,19,,,0,105,,7068,19,,,0,105,,7069,19,,,0,105,,7070,19,,,0,105,,7071,19,,,0,105,,7072,19,,,0
2301,'5',1859,,7084,19,,,0,145,,7085,19,,,0,105,,7086,19,,,0,103,,7087,19,,,0,100,,7088,19,,,0
