100,'1',803,,5297,33,,,0,105,,5298,33,,,0,30,,5307,33,,,0,75,,5299,33,,,0,30,,5308,33,,,0,75,,5300,33,,,0,30,,5309,33,,,0,75,,5301,33,,,0,30,,5310,33,,,0,75,,5302,33,,,0,30,,5311,33,,,0,75,,5303,33,,,0,70,,5312,33,,,0,35,,5304,33,,,0,70,,5313,33,,,0,35,,5305,33,,,0,70,,5314,33,,,0,35,,5306,33,,,0,70,,5321,33,,,0,35,,5315,33,,,0,70,,5322,33,,,0,34,,5316,33,,,0,70,,5323,33,,,0,30,,5317,33,,,0,70,,5324,33,,,0,30,,5318,33,,,0,70,,5325,33,,,0,30,,5319,33,,,0,70,,5326,33,,,0,30,,5320,33,,,0
100,'2',908,,5327,33,,,0,30,,5338,33,,,0,75,,5328,33,,,0,30,,5339,33,,,0,75,,5329,33,,,0,30,,5340,33,,,0,75,,5330,33,,,0,30,,5341,33,,,0,75,,5331,33,,,0,30,,5342,33,,,0,75,,5332,33,,,0,70,,5343,33,,,0,35,,5333,33,,,0,70,,5344,33,,,0,35,,5334,33,,,0,70,,5345,33,,,0,35,,5335,33,,,0,70,,5346,33,,,0,35,,5336,33,,,0,70,,5347,33,,,0,34,,5337,33,,,0
100,'5',658,,5358,34,,,0,70,,5348,34,,,0,11,,5385,34,,,0,20,,5386,34,,,0,50,,5359,34,,,0,15,,5371,34,,,0,15,,5349,34,,,0,15,,5370,34,,,0,60,,5369,34,,,0,10,,5360,34,,,0,20,,5372,34,,,0,10,,5350,34,,,0,65,,5373,34,,,0,20,,5361,34,,,0,15,,5392,4,,,0,55,,5351,34,,,0,25,,5374,34,,,0,20,,5362,34,,,0,55,,5387,34,,,0,20,,5352,34,,,0,20,,5375,34,,,0,60,,5363,34,,,0,15,,5388,34,,,0,20,,5353,34,,,0,60,,5376,34,,,0,20,,5364,34,,,0,10,,5380,34,,,0,15,,5389,34,,,0,10,,5354,34,,,0,60,,5377,34,,,0,20,,5365,34,,,0,10,,5381,34,,,0,55,,5390,34,,,0,15,,5355,34,,,0,15,,5378,34,,,0,20,,5366,34,,,0,50,,5382,34,,,0,15,,5391,34,,,0,15,,5356,34,,,0,15,,5379,34,,,0,54,,5367,33,,,0,10,,5383,33,,,0,30,,5357,33,,,0,65,,5368,33,,,0,40,,5384,33,,,0,71,,5397,33,,,0,34,,5393,33,,,0,71,,5398,33,,,0,30,,5394,33,,,0,70,,5399,33,,,0,30,,5395,33,,,0,70,,5400,33,,,0,30,,5396,33,,,0
901,'5',658,,5937,29,,,0,70,,5948,29,,,0,75,,5938,29,,,0,30,,5949,29,,,0,75,,5939,29,,,0,30,,5950,29,,,0,75,,5940,29,,,0,30,,5951,29,,,0,75,,5941,29,,,0,30,,5952,29,,,0,75,,5942,29,,,0,30,,5953,29,,,0,80,,5943,29,,,0,70,,5954,29,,,0,40,,5944,29,,,0,70,,5955,29,,,0,40,,5945,29,,,0,70,,5956,29,,,0,80,,5946,29,,,0,30,,5957,29,,,0,80,,5947,29,,,0
1300,'5',804,,6339,12,,,0,30,,6341,12,,,0,75,,6340,12,,,0
1401,'1',804,,6384,20,,,0,105,,6385,20,,,0,105,,6386,20,,,0,105,,6387,20,,,0,105,,6388,20,,,0,105,,6389,20,,,0,105,,6390,20,,,0,105,,6391,20,,,0,105,,6392,20,,,0,105,,6393,20,,,0
1401,'2',1014,,6394,20,,,0,105,,6395,20,,,0,105,,6396,20,,,0,105,,6397,20,,,0,105,,6398,20,,,0,105,,6399,20,,,0,105,,6400,20,,,0
1401,'5',659,,6401,20,,,0,75,,6416,20,,,0,70,,6402,20,,,0,35,,6417,20,,,0,70,,6403,20,,,0,35,,6418,20,,,0,70,,6404,20,,,0,35,,6422,20,,,0,70,,6405,20,,,0,35,,6423,20,,,0,70,,6406,20,,,0,35,,6424,20,,,0,75,,6407,20,,,0,75,,6425,20,,,0,35,,6408,20,,,0,75,,6419,20,,,0,35,,6409,20,,,0,75,,6420,20,,,0,75,,6410,20,,,0,35,,6421,20,,,0,75,,6411,20,,,0,105,,6412,20,,,0,105,,6413,20,,,0,101,,6414,20,,,0,100,,6415,20,,,0
2301,'1',1027,,7058,14,,,0,105,,7059,14,,,0,105,,7060,14,,,0,105,,7061,14,,,0,105,,7062,14,,,0,105,,7063,14,,,0,105,,7064,14,,,0,145,,7065,14,,,0
2301,'2',1027,,7066,14,,,0,105,,7067,14,,,0,105,,7068,14,,,0,105,,7069,14,,,0,105,,7070,14,,,0,105,,7071,14,,,0,105,,7072,14,,,0
2301,'5',642,,7073,14,,,0,75,,7089,14,,,0,30,,7074,14,,,0,75,,7090,14,,,0,30,,7075,14,,,0,75,,7091,14,,,0,30,,7076,14,,,0,75,,7092,14,,,0,70,,7077,14,,,0,35,,7093,14,,,0,70,,7078,14,,,0,35,,7094,14,,,0,75,,7079,14,,,0,35,,7095,14,,,0,75,,7080,14,,,0,75,,7096,14,,,0,35,,7081,14,,,0,75,,7097,14,,,0,35,,7082,14,,,0,75,,7098,14,,,0,35,,7083,14,,,0,100,,7084,14,,,0,145,,7085,14,,,0,105,,7086,14,,,0,103,,7087,14,,,0,100,,7088,14,,,0
