201,'1',740,,5601,6,,,0,105,,5593,6,,,0,70,,5614,6,,,0,35,,5602,6,,,0,70,,5609,6,,,0,35,,5594,6,,,0,70,,5615,6,,,0,75,,5603,6,,,0,30,,5610,6,,,0,75,,5595,6,,,0,30,,5616,6,,,0,75,,5604,6,,,0,30,,5611,6,,,0,75,,5596,6,,,0,30,,5617,6,,,0,75,,5605,6,,,0,30,,5612,6,,,0,75,,5597,6,,,0,30,,5618,6,,,0,75,,5606,6,,,0,70,,5613,6,,,0,35,,5598,6,,,0,70,,5619,6,,,0,30,,5607,6,,,0,70,,5620,6,,,0,30,,5599,6,,,0,70,,5621,6,,,0,30,,5608,6,,,0,100,,5600,6,,,0
201,'2',845,,5622,6,,,0,105,,5628,6,,,0,70,,5633,6,,,0,35,,5623,6,,,0,70,,5637,6,,,0,75,,5629,6,,,0,30,,5634,6,,,0,75,,5624,6,,,0,30,,5638,6,,,0,75,,5630,6,,,0,30,,5635,6,,,0,75,,5625,6,,,0,30,,5639,6,,,0,75,,5631,6,,,0,30,,5636,6,,,0,75,,5626,6,,,0,30,,5641,6,,,0,75,,5632,6,,,0,70,,5640,6,,,0,35,,5627,6,,,0
201,'5',635,,5658,6,,,0,70,,5642,6,,,0,35,,5666,6,,,0,70,,5650,6,,,0,15,,5675,6,,,0,20,,5659,6,,,0,70,,5643,6,,,0,35,,5667,6,,,0,70,,5651,6,,,0,35,,5660,6,,,0,70,,5644,6,,,0,75,,5668,6,,,0,35,,5652,6,,,0,75,,5661,6,,,0,35,,5645,6,,,0,75,,5669,6,,,0,35,,5653,6,,,0,55,,5674,6,,,0,20,,5662,6,,,0,20,,5677,6,,,0,55,,5646,6,,,0,15,,5673,6,,,0,20,,5670,6,,,0,60,,5676,6,,,0,15,,5654,6,,,0,15,,5678,6,,,0,20,,5664,6,,,0,70,,5647,6,,,0,35,,5671,6,,,0,70,,5655,6,,,0,75,,5663,6,,,0,30,,5648,6,,,0,75,,5672,6,,,0,30,,5656,6,,,0,70,,5665,6,,,0,30,,5649,6,,,0,100,,5657,6,,,0
1100,'1',948,,6161,3,,,0,105,,6162,3,,,0,105,,6163,3,,,0,145,,6164,3,,,0,105,,6165,3,,,0,105,,6166,3,,,0,105,,6167,3,,,0,105,,6168,3,,,0
1100,'5',703,,6179,3,,,0,35,,6169,3,,,0,70,,6180,3,,,0,35,,6170,3,,,0,70,,6181,3,,,0,35,,6171,3,,,0,70,,6182,3,,,0,35,,6172,3,,,0,70,,6183,3,,,0,35,,6173,3,,,0,75,,6184,3,,,0,75,,6174,3,,,0,35,,6185,3,,,0,75,,6175,3,,,0,35,,6186,3,,,0,75,,6176,3,,,0,75,,6187,3,,,0,35,,6177,3,,,0,75,,6188,3,,,0,35,,6178,3,,,0
1201,'1',842,,6293,3,,,0,72,,6279,3,,,0,33,,6294,3,,,0,72,,6280,3,,,0,33,,6295,3,,,0,72,,6281,3,,,0,33,,6301,3,,,0,72,,6282,3,,,0,73,,6296,3,,,0,32,,6283,3,,,0,73,,6297,3,,,0,32,,6284,3,,,0,73,,6298,3,,,0,32,,6285,3,,,0,73,,6299,3,,,0,32,,6286,3,,,0,73,,6300,3,,,0,32,,6287,3,,,0,73,,6302,3,,,0,32,,6288,3,,,0,143,,6289,3,,,0,100,,6290,3,,,0,100,,6291,3,,,0,100,,6292,3,,,0
1201,'2',914,,6303,3,,,0,105,,6304,3,,,0,105,,6305,3,,,0,105,,6306,3,,,0,105,,6307,3,,,0,105,,6308,3,,,0,105,,6309,3,,,0,105,,6310,3,,,0,105,,6311,3,,,0,105,,6312,3,,,0,143,,6313,3,,,0
1201,'5',704,,6314,3,,,0,33,,6324,3,,,0,72,,6315,3,,,0,33,,6325,3,,,0,72,,6316,3,,,0,33,,6326,3,,,0,72,,6317,3,,,0,33,,6327,3,,,0,70,,6318,3,,,0,35,,6328,3,,,0,75,,6319,3,,,0,75,,6329,3,,,0,35,,6320,3,,,0,75,,6330,3,,,0,35,,6321,3,,,0,75,,6331,3,,,0,75,,6322,3,,,0,35,,6332,3,,,0,75,,6323,3,,,0,35,,6333,3,,,0,105,,6334,3,,,0,105,,6335,3,,,0,145,,6336,3,,,0,100,,6337,3,,,0,100,,6338,3,,,0
1901,'1',809,,6784,3,,,0,105,,6785,3,,,0,105,,6786,3,,,0,105,,6787,3,,,0,34,,6799,3,,,0,71,,6788,3,,,0,74,,6800,3,,,0,31,,6789,3,,,0,74,,6801,3,,,0,31,,6790,3,,,0,74,,6802,3,,,0,31,,6791,3,,,0,105,,6792,3,,,0,105,,6793,3,,,0,105,,6794,3,,,0,144,,6795,3,,,0,100,,6796,3,,,0,100,,6797,3,,,0,100,,6798,3,,,0
1901,'2',914,,6803,3,,,0,105,,6804,3,,,0,105,,6805,3,,,0,105,,6806,3,,,0,105,,6807,3,,,0,105,,6808,3,,,0,105,,6809,3,,,0,105,,6810,3,,,0,105,,6811,3,,,0,105,,6812,3,,,0,144,,6813,3,,,0
1901,'5',633,,6814,3,,,0,71,,6816,3,,,0,34,,6815,3,,,0,71,,6818,3,,,0,34,,6817,3,,,0,71,,6819,3,,,0,34,,6834,3,,,0,71,,6820,3,,,0,34,,6835,3,,,0,71,,6821,3,,,0,34,,6836,3,,,0,75,,6822,3,,,0,75,,6837,3,,,0,35,,6823,3,,,0,75,,6838,3,,,0,35,,6824,3,,,0,75,,6839,3,,,0,75,,6825,3,,,0,35,,6827,3,,,0,75,,6826,3,,,0,35,,6828,3,,,0,105,,6829,3,,,0,105,,6830,3,,,0,145,,6831,3,,,0,100,,6832,3,,,0,100,,6833,3,,,0
