101,'1',838,,5401,32,,,0,105,,5402,32,,,0,70,,5411,32,,,0,35,,5403,32,,,0,70,,5412,32,,,0,35,,5404,32,,,0,70,,5413,32,,,0,35,,5405,32,,,0,70,,5414,32,,,0,75,,5406,32,,,0,30,,5415,32,,,0,75,,5407,32,,,0,30,,5416,32,,,0,75,,5408,32,,,0,30,,5417,32,,,0,75,,5409,32,,,0,30,,5418,32,,,0,75,,5410,32,,,0,30,,5425,32,,,0,75,,5419,32,,,0,30,,5426,32,,,0,70,,5420,32,,,0,30,,5427,32,,,0,70,,5421,32,,,0,30,,5428,32,,,0,70,,5422,32,,,0,30,,5429,32,,,0,70,,5423,32,,,0,30,,5430,32,,,0,60,,5424,32,,,0
101,'2',943,,5431,32,,,0,70,,5442,32,,,0,35,,5432,32,,,0,70,,5443,32,,,0,35,,5433,32,,,0,70,,5444,32,,,0,35,,5434,32,,,0,70,,5445,32,,,0,75,,5435,32,,,0,30,,5446,32,,,0,75,,5436,32,,,0,30,,5447,32,,,0,75,,5437,32,,,0,30,,5448,32,,,0,75,,5438,32,,,0,30,,5449,32,,,0,75,,5439,32,,,0,30,,5450,32,,,0,75,,5440,32,,,0,30,,5451,32,,,0,70,,5441,32,,,0
101,'5',658,,5452,32,,,0,75,,5463,32,,,0,70,,5453,32,,,0,15,,5476,32,,,0,20,,5474,32,,,0,10,,5464,32,,,0,55,,5478,32,,,0,15,,5454,32,,,0,15,,5477,32,,,0,20,,5475,32,,,0,50,,5465,32,,,0,20,,5479,32,,,0,10,,5455,32,,,0,25,,5480,32,,,0,60,,5466,32,,,0,15,,5492,32,,,0,15,,5456,32,,,0,65,,5481,32,,,0,20,,5467,32,,,0,15,,5493,32,,,0,60,,5457,32,,,0,20,,5482,32,,,0,20,,5468,32,,,0,55,,5494,32,,,0,20,,5458,32,,,0,20,,5483,32,,,0,60,,5469,32,,,0,10,,5487,32,,,0,15,,5495,32,,,0,10,,5459,32,,,0,20,,5484,32,,,0,60,,5470,32,,,0,10,,5488,32,,,0,15,,5496,32,,,0,15,,5460,32,,,0,55,,5485,32,,,0,20,,5471,32,,,0,10,,5489,32,,,0,15,,5497,32,,,0,55,,5461,32,,,0,25,,5472,32,,,0,10,,5490,32,,,0,70,,5462,32,,,0,25,,5473,32,,,0,80,,5491,32,,,0,35,,5502,32,,,0,70,,5498,32,,,0,30,,5503,32,,,0,70,,5499,32,,,0,30,,5504,32,,,0,70,,5500,32,,,0,30,,5505,32,,,0,65,,5501,32,,,0
201,'1',838,,5601,66,,,0,105,,5593,66,,,0,70,,5614,66,,,0,35,,5602,66,,,0,70,,5609,66,,,0,35,,5594,66,,,0,70,,5615,66,,,0,35,,5603,66,,,0,70,,5610,66,,,0,75,,5595,66,,,0,30,,5616,66,,,0,75,,5604,66,,,0,30,,5611,66,,,0,75,,5596,66,,,0,30,,5617,66,,,0,75,,5605,66,,,0,30,,5612,66,,,0,75,,5597,66,,,0,30,,5618,66,,,0,75,,5606,66,,,0,30,,5613,66,,,0,70,,5598,66,,,0,30,,5619,66,,,0,70,,5607,66,,,0,30,,5620,66,,,0,70,,5599,66,,,0,30,,5621,66,,,0,70,,5608,66,,,0,90,,5600,66,,,0
201,'2',943,,5622,66,,,0,105,,5628,66,,,0,70,,5633,66,,,0,35,,5623,66,,,0,70,,5637,66,,,0,35,,5629,66,,,0,70,,5634,66,,,0,75,,5624,66,,,0,30,,5638,66,,,0,75,,5630,66,,,0,30,,5635,66,,,0,75,,5625,66,,,0,30,,5639,66,,,0,75,,5631,66,,,0,30,,5636,66,,,0,75,,5626,66,,,0,30,,5641,66,,,0,75,,5632,66,,,0,30,,5640,66,,,0,70,,5627,66,,,0
201,'5',733,,5658,66,,,0,70,,5642,66,,,0,35,,5666,66,,,0,70,,5650,66,,,0,15,,5675,66,,,0,20,,5659,66,,,0,70,,5643,66,,,0,35,,5667,66,,,0,70,,5651,66,,,0,35,,5660,66,,,0,70,,5644,66,,,0,35,,5668,66,,,0,75,,5652,66,,,0,75,,5661,66,,,0,35,,5645,66,,,0,75,,5669,66,,,0,35,,5653,66,,,0,55,,5674,66,,,0,20,,5662,66,,,0,20,,5677,66,,,0,55,,5646,66,,,0,15,,5673,66,,,0,20,,5670,66,,,0,20,,5676,66,,,0,55,,5654,66,,,0,15,,5678,66,,,0,20,,5664,66,,,0,70,,5647,66,,,0,35,,5671,66,,,0,70,,5655,66,,,0,35,,5663,66,,,0,70,,5648,66,,,0,30,,5672,66,,,0,70,,5656,66,,,0,30,,5665,66,,,0,70,,5649,66,,,0,90,,5657,66,,,0
301,'1',908,,5775,48,,,0,35,,5765,48,,,0,70,,5785,48,,,0,35,,5776,48,,,0,70,,5766,48,,,0,35,,5786,48,,,0,70,,5777,48,,,0,35,,5767,48,,,0,70,,5787,48,,,0,75,,5778,48,,,0,30,,5768,48,,,0,75,,5788,48,,,0,30,,5779,48,,,0,75,,5769,48,,,0,30,,5789,48,,,0,75,,5780,48,,,0
301,'5',733,,5816,48,,,0,70,,5824,48,,,0,35,,5835,48,,,0,20,,5847,48,,,0,50,,5817,48,,,0,15,,5846,48,,,0,20,,5825,48,,,0,15,,5848,48,,,0,55,,5836,48,,,0,35,,5818,48,,,0,70,,5826,48,,,0,35,,5837,48,,,0,70,,5819,48,,,0,35,,5827,48,,,0,75,,5838,48,,,0,75,,5820,48,,,0,35,,5828,48,,,0,75,,5839,48,,,0,35,,5821,48,,,0,75,,5829,48,,,0,75,,5840,48,,,0,20,,5849,48,,,0,15,,5822,48,,,0,10,,5851,48,,,0,65,,5830,48,,,0,20,,5852,48,,,0
1201,'1',908,,6293,34,,,0,34,,6279,34,,,0,71,,6294,34,,,0,34,,6280,34,,,0,71,,6295,34,,,0,34,,6281,34,,,0,71,,6301,34,,,0,34,,6282,34,,,0,71,,6296,34,,,0,74,,6283,34,,,0,31,,6297,34,,,0,74,,6284,34,,,0,31,,6298,34,,,0,74,,6285,34,,,0,31,,6299,34,,,0,74,,6286,34,,,0,31,,6300,34,,,0,74,,6287,34,,,0,31,,6302,34,,,0,74,,6288,34,,,0,101,,6289,34,,,0,100,,6290,34,,,0,100,,6291,34,,,0,100,,6292,34,,,0
1201,'2',942,,6303,34,,,0,105,,6304,34,,,0,105,,6305,34,,,0,105,,6306,34,,,0,145,,6307,34,,,0,105,,6308,34,,,0,105,,6309,34,,,0,105,,6310,34,,,0,105,,6311,34,,,0,105,,6312,34,,,0,101,,6313,34,,,0
1201,'5',732,,6314,33,,,0,71,,6324,33,,,0,34,,6315,33,,,0,71,,6325,33,,,0,34,,6316,34,,,0,71,,6326,34,,,0,34,,6317,34,,,0,71,,6327,34,,,0,30,,6318,34,,,0,75,,6328,34,,,0,35,,6319,34,,,0,75,,6329,34,,,0,75,,6320,34,,,0,35,,6330,34,,,0,75,,6321,34,,,0,35,,6331,34,,,0,75,,6322,34,,,0,75,,6332,34,,,0,35,,6323,34,,,0,75,,6333,34,,,0,105,,6334,34,,,0,105,,6335,34,,,0,105,,6336,34,,,0,100,,6337,34,,,0,100,,6338,34,,,0
